0.981632630824063 33.70688824074175 20.720416995544536 0.8589849457941916 
0.9886667248170434 37.103209672558926 19.920238642393535 0.8118716332464283 
0.9994613839597077 41.36480082229227 20.401757790622487 0.7926897079216491 
0.9829555376662243 37.264705113074484 19.785456415571865 0.7736427981761579 
0.9890170989081171 34.96962251588316 21.033898496134753 0.8189473696848629 
0.9890850216262119 37.132187232075175 19.927899803459688 0.7898971336012257 
0.9935252325300351 37.41815674484907 19.966711177484875 0.7596996911975549 
0.9848952636815653 36.967475796004074 19.89936289109759 0.76263762673749 
0.9848952667406434 36.96749575506711 20.453867708861537 0.763091088762096 
0.9806460779491701 32.468325244905515 21.061118876580903 0.7488543669949352 
0.9848952730951872 36.96750880022877 19.936971618347062 0.7714717291280978 
0.9831767547323804 36.86090524485414 19.808799426227452 0.8917240831329005 
0.9812186944792652 33.14728169181356 21.327217413717023 0.7852278912257472 
0.9896362338331819 32.85722092663343 21.26894973869352 0.8266829041578465 
0.9978070515240273 44.10030505393 20.170920463143272 0.806872899008755 
0.9850681986831835 37.390188333565604 19.88463867507419 0.7421529972733183 
0.9827866407488074 32.63575376020466 21.162968109505172 0.7551089585761774 
0.9806461692488033 32.46834512377584 21.061146189430332 0.8516304435005292 
0.9867721526546213 33.30110897024237 21.116077883164625 0.7949413652884999 
0.9806385808641909 32.45705461545163 21.062241725672887 0.8483900646291569 
0.9827748469248776 36.8322880925394 20.346123663464624 0.8119669190157113 
0.9808106107122199 32.875925928493515 21.04783752031825 0.8517548503658263 
0.9890416177567287 37.07120006430108 19.96762897001622 0.7919500521993846 
0.9806535904193471 32.4574290376358 21.06233306390918 0.847233484198854 
0.9829480701056187 37.253403257997306 19.7865532207922 0.7646658130512428 
0.9865367835081098 32.722112312384354 21.18512072569468 0.8172066913774138 
0.9851701272076978 41.354493218708065 20.14564289410069 0.8596886359345262 
0.984936532670875 37.06784096442967 19.893042140771005 0.8918044267606366 
0.9918802398588857 32.884485123386455 21.26998997410022 0.9580258102588044 
0.9849857729222413 37.2152919430291 19.874950397512976 0.7667882164800992 
0.9831920288685664 36.86486875503469 19.8070830858489 0.8189011996941822 
0.9896357991021134 32.856439813023094 21.26905661005077 0.8814354973880116 
0.9808107037154992 32.875967985546765 21.592750520482063 0.8120163437387429 
0.9869796549957006 32.68019523944822 21.19855028019573 0.7855720858777527 
0.9806389254344081 32.45782272767343 21.099108223970532 0.9492812700597515 
0.9831916635167217 36.86124861857329 19.808887526585156 0.8367685016236148 
0.9849801205730566 37.03024532539659 19.89814949874551 0.7711215195412342 
0.982782452876251 36.84359262565508 19.800133692564746 0.7758021872497048 
0.9837915535840863 38.221753527068 20.916648425884254 0.8511306776930957 
0.9933919299400285 37.17280273979981 20.00933541613348 0.7678866371159186 
0.9865083122214895 32.661567214107805 21.187554938298263 0.7468921769071388 
0.9866944768152546 33.13115072373701 21.171754987797392 0.7973455961585934 
0.9806740464362923 32.45200827511046 21.062332548392472 0.8015090610026256 
0.9897010566226421 33.089290828554304 21.237033769088995 0.7928926968778249 
0.9939701923267417 32.967974969833094 21.84818070392874 0.8113865817337801 
0.9808106107122199 32.87595563269933 21.047849315320747 0.7833723311184138 
0.9806388534201462 32.457179575552594 21.099322137440847 0.8501034700033812 
0.9831842839132033 36.87218463095477 19.807690500270898 0.792645561991707 
0.9934071671755424 37.17316482120364 20.009428371614288 0.7449682879947499 
0.9886663279985035 37.10322258698064 19.9202416680915 0.7825077056881531 
0.9897170585399331 36.57046615203799 21.581049985072802 0.7886153252330651 
0.9827582668673822 32.575190627561824 21.165355240440775 0.8109300660327463 
0.9884466924965354 33.92914136812444 21.12751929539818 0.7553683005189387 
0.9827748004979326 36.832405062150876 19.80126604571817 0.870070455996471 
0.980673898298573 32.451942893905056 21.06228367366776 0.8666384107220255 
0.9829626959876916 37.253732761032694 19.786626732754073 0.7690145973910076 
0.9865082926971691 32.66154661136468 21.74203079097512 0.7430375068281366 
0.9865784887741444 32.653756452866126 21.190375722318695 0.7686694787103284 
0.9994228860225169 37.696303406218505 20.124098948542496 0.7946095506326278 
0.9865295193289478 32.72199353529012 21.185092748082543 0.7491360475899063 
0.9827582698561486 32.57520972972338 21.165372203465154 0.7841051295431024 
0.9849238088185961 37.02822102986202 19.896979599593156 0.7863518304730075 
0.9807267129312796 36.12435476988877 21.372606863360183 0.7860053666130307 
0.9808110130428687 32.87618028955505 21.047933555003173 0.8767968727319753 
0.9977868156064462 37.44039520037539 20.579052384892492 0.7649945075923855 
0.9993939942726977 37.64693781118837 20.08756531054761 0.775965984018842 
0.9853260373163455 37.04931007878345 19.903854796997507 0.7739860777829932 
0.983184376139959 36.87219053147383 19.807697503150433 0.7539385623185636 
0.9827749878941316 36.832297827434495 20.346126717005646 0.754146903116524 
0.9897172103354597 37.34754339228139 19.94323993400909 0.7623114960758417 
0.9849613186406164 37.117127129591424 19.925173427408424 0.7738545356131126 
0.9809218965933999 33.12533351533683 20.994555094831135 0.8226908008059048 
0.9867021122163518 33.14249162019462 21.1706467683834 0.765254709270839 
0.9898197653733656 32.917027505042356 21.266481705989083 0.8009890437867544 
0.9811459809277293 38.93716028178403 21.24784336362248 0.824065520355429 
0.9993788735767539 37.63530382333956 20.088627228795147 0.7465148382552397 
0.9864934059789368 32.65002878720038 21.1885688500339 0.761125483536908 
0.9828141126716599 36.98441325944217 19.86954064900455 0.7916357265424026 
0.9898357000229143 32.86185785984277 21.272053033241697 0.8463458457987614 
0.9819463500607577 35.46408496820059 20.3122969230999 0.9144038798442449 
0.9994064511339211 33.42125902572595 21.930090609808186 0.8075649399194313 
0.9955161557030285 37.30866752815513 20.10807424360066 0.7958806239445175 
0.9806460779491701 32.468325244905515 21.098373995468187 0.8228192488815225 
0.9934735583486922 37.422830189207204 19.96660311122514 0.7562830004242646 
0.9849799900470537 36.97137975080892 19.901078905156755 0.7680072912538587 
0.9806461679356002 32.46833629078949 21.061125173659562 0.8087106737112266 
0.980719779335032 36.114112540170126 21.373465180693792 0.8214469357799373 
0.9848953426346514 36.967484905266275 19.899388363600693 0.8020267369736716 
0.9865008208624386 32.661396891986776 21.187460847589122 0.7484870163970232 
0.9869022184627884 32.68787636267843 21.195658822202645 0.7815018013920938 
0.9886738016292586 37.03755744457032 19.922647857457648 0.8466479730441501 
0.9829480701056187 37.253403257997306 19.7865532207922 0.7777735744295988 
0.9851259674518972 37.63756033581406 20.387699903358456 0.8271994506011867 
0.9831918078482644 36.86125480842133 19.808893875100704 0.7821929518030484 
0.9869021772067712 32.687869678517934 21.233169162815877 0.8255745811549395 
0.9827748943958583 36.83229774292134 19.801231032599794 0.7519821471428318 
0.9827583204416354 32.575216218314054 21.165379262146203 0.9334640137999632 
0.9806537219496885 32.457441830266404 21.06233980690396 0.8504293665803468 
0.9809370255100832 36.40096521213647 21.457461423657477 0.8178403391918654 
0.9865293114259718 32.721953689624 21.185085337146777 0.8252558538952408 
0.9806536939663157 32.457556986681126 21.062396553754215 0.9055409747342298 
0.999962999327535 37.42671739593802 20.143635107237564 0.7796414803706333 
0.9867552541184088 33.06046171511791 21.17570423448382 0.8050465129406075 
0.989077675422537 37.14321062780671 19.92670421747978 0.7519422801218292 
0.9865293968397963 32.72196216800538 21.729980170668423 0.8475110816459996 
0.982775122136027 36.83232595232897 19.80124907196437 0.804949923251316 
0.9899773606535665 37.53419280887073 20.011399669235974 0.786152008891596 
0.9865858651475679 32.72382415590261 21.18629447778427 0.7905748349004214 
0.9905049093435727 34.43659409112326 21.410016750073137 0.8337894970884983 
0.9831768993243868 36.860911550983595 19.808805812652487 0.8124989944901887 
0.9866742669551527 36.32466584159859 21.503180677200753 0.8247548483174558 
0.982790025366785 36.832694235475074 19.80133710975442 0.8082381945086518 
0.9881296255936365 32.80931327929544 21.246725426723057 0.8985827135630592 
0.9827825889149613 36.8435923638017 19.80014448906021 0.7858614181631707 
0.9806960371266096 32.493802800752164 21.052670334895232 0.871444458494059 
0.9868945980055773 32.676524699034076 21.196772107637237 0.745286535019601 
0.9865008208624386 32.661396891986776 21.74198435385143 0.8024110096241286 
0.9848953185489377 36.96748686934288 19.89937077780836 0.767947924108741 
0.993886581263704 33.19235478149265 21.30634746202322 0.8212237388343984 
0.9899607972202594 33.51482429502038 21.207209755340628 0.850451265074418 
0.983577820142509 34.260476736006204 20.680015234060367 0.8252831155149523 
0.9898155327235532 32.922810120284446 21.268095596579606 0.8425238503082607 
0.9828556368550982 40.49848617145789 20.11267542463197 0.7579623014140032 
0.9902946477341268 39.18742665809289 19.76290270844708 0.7534915535563671 
0.9982766598556647 33.383866752197235 21.37327338366068 0.8176512120900384 
0.9800013369057099 38.99157643248316 19.584949222065095 0.8131896875929512 
0.989672121900947 37.09251195229162 19.986000957250777 0.7959586713878535 
0.985301547810863 37.009346661697776 19.90564211827774 0.8744345124595775 
0.989637117458006 32.85771588138962 21.814412127270394 0.8339651816455775 
0.9827750709187804 36.832299801963224 19.801238008976913 0.7542912563722206 
0.9830429463712276 38.23695378129595 19.974269273695953 0.7750933322925397 
0.9886665989557628 37.10313618710251 19.920217306436307 0.8266685718711163 
0.9806385808641909 32.457078720061354 21.06221905373915 0.7664327120789665 
0.9848952636815653 36.967475796004074 19.89936289109759 0.7592906992932191 
0.9800108567376802 42.2165148990219 20.42255287026258 0.8567650500108104 
0.980646684605292 32.4745722575714 21.05760104913493 0.9297421765212772 
0.9827583824036836 32.57545999886159 21.16535502045945 0.9221086634597997 
0.9886666504313169 37.10314286494749 19.920224546196565 0.7998887684926548 
0.9897536869173309 37.342574254167644 19.94327312172434 0.7751184760720848 
0.9800022677167309 40.00888107700459 19.5654118537321 0.789580136397884 
0.9888266150867916 37.46556505038421 20.462471864840506 0.7847366934795087 
0.9993043124510665 33.138040620243615 21.418524182735684 0.7706508342936313 
0.9886381944036529 37.04256089067101 19.960040153470683 0.804781237623637 
0.9956937753310882 33.47907792904258 21.381450786931808 0.7530410485736199 
0.9831918078482644 36.86125480842133 19.808905599686355 0.8543418693390488 
0.982789911324077 36.84384482351953 19.800214307719536 0.7639999767166608 
0.9807266821426893 38.88836005049296 21.179662122922426 0.8335023192128798 
0.9810424837775757 32.493013818973516 21.067971660392004 0.8777115965802884 
0.9806387182681049 32.45706628917942 21.062245216336027 0.8071626570573044 
0.9827748469248776 36.832301796033654 19.801239402475037 0.7821415809837562 
0.9934362100877849 37.17918803199186 20.008241448713772 0.7467018514780518 
0.9998060661597772 33.581355301049925 21.410617353257077 0.7559916838152583 
0.9956013903330098 37.31255210737159 20.664288093296133 0.817428914425024 
0.9806534530149466 32.46848591017065 21.0611888213729 0.7873082826695272 
0.9827748471737994 36.83230185365532 19.83838465482841 0.808889086819224 
0.9886530061694623 37.042928043681364 19.922744252888315 0.7544441334708222 
0.9890851672446637 37.13219530520841 19.927913868547286 0.7712772586304614 
0.9888191267249555 37.47655938754986 19.90675376146662 0.7861945643277128 
0.9807192294944973 36.113104982026535 21.373710133547725 0.8263145521271955 
0.9886666509000417 37.10317932279436 19.920224555719873 0.7834993196673123 
0.9835680592661672 34.491135061584835 20.98029473956864 0.9023796950479374 
0.9827750709187804 36.832299801963224 19.801238008976913 0.7476329917582147 
0.9828306507980882 37.479937459538746 20.061609485568795 0.7753818019073598 
0.9849238014962555 37.0282153564102 19.896976717532013 0.7546355698258465 
0.9827824542121513 36.84361740824831 20.345025427970068 0.7907116356164867 
0.9828429927411851 32.578891591456674 21.167182972123197 0.7699537551311619 
0.9852974604272047 36.996172531139365 19.944529713275553 0.7748435611742972 
0.9939701913183991 32.967974868945426 21.30329334512487 0.7894893611178029 
0.9831770418452492 36.86091945753297 19.80880790787207 0.7840443994913384 
0.9888402805982557 37.52588284605504 19.905470649427507 0.7757224483785056 
0.9807194699869384 36.11314920933224 21.373724234239763 0.8852141855405062 
0.9831767547323804 36.86090524485414 19.808799426227452 0.7909606476671305 
0.9806388493430551 32.4570769195104 21.062251950146326 0.8071932015218752 
0.9829554023904657 37.26469717491251 19.785454339709766 0.8125386669805625 
0.980674150533611 32.45197936472769 21.06229391997818 0.8289868166045852 
0.9830459419616033 33.435074262293774 21.080405448348476 0.8294195490232534 
0.9806458957978809 32.46834534174382 21.606056994378164 0.7921832172388726 
0.9938127539802502 37.213493045211614 20.01602583721024 0.7731797892733484 
0.9900028125737426 33.60236231528663 21.221401254166338 0.8300318549435202 
0.9827581864580877 32.57520532118618 21.16537245446272 0.7489534005556426 
0.9819241501085061 34.299404016866326 20.547950380355218 0.8274922026538543 
0.9827897499376859 36.84372251992879 19.800184336591812 0.7573748792814448 
0.9807194975616524 36.113187995842644 21.37373386834814 0.9395041833559103 
0.982857691228928 38.09857261198821 19.829221466388432 0.7853966650720484 
0.980825736964891 32.87633540999307 21.047953708333992 0.826290334837579 
0.9833462579397503 38.30131981292248 19.76317407337134 0.7610065418939324 
0.9887097745663489 37.10952161279226 19.91911437876104 0.804625177124394 
0.9831916635167217 36.86124861857329 19.808902537572834 0.8202571077107095 
0.9827581864580877 32.575189543845724 21.719858397368 0.7608900327097845 
0.984982621915806 36.97844944518738 19.900424642984454 0.7945808333023872 
0.9933922966740708 32.93174539879701 21.329923418255554 0.8175293280989999 
0.9806533169702554 32.457430488053106 21.062358375218682 0.7696490925504089 
0.9897173613837158 37.34755002345419 19.943245441597615 0.7575451825849756 
0.9864933205847182 32.65003053386532 21.188564745428238 0.7525053856240926 
0.9828390122421811 36.245596200774486 21.47810675795574 0.8143132177610706 
0.9849799900470537 36.97139949053796 19.901078905156755 0.7673813518386738 
0.9885383527284167 32.836371553870684 21.255047322704996 0.7930658910754428 
0.9827821740378089 36.84368786207169 19.80016310627757 0.7741353071611473 
0.9966112626444111 40.142424614622584 19.8098731541862 0.7887959797498789 
0.9849800418644483 36.97139060202724 19.90108669281365 0.8134070768869655 
0.9896361960668911 32.85664544943978 21.813944869244587 0.8173768984121745 
0.9812955996527458 33.81841005582791 20.67908095449709 0.7984422134927058 
0.9886665161981554 37.10313163129888 19.957610322554906 0.7569192423490156 
0.9806461895415884 32.46836569231736 21.061174898098606 0.7969548411163332 
0.9845987694568685 36.43040922426216 20.163023367730602 0.7775809460397147 
0.9897980921162577 32.86551617932331 21.271560981984884 0.8094500265375606 
0.9847141688563876 40.421278243542865 20.451416103246377 0.7891698488898049 
0.9827825372376299 36.84359485142202 19.800136719941328 0.7684044158080384 
0.9830149274418472 33.05815789703967 21.14974475156865 0.7599542138680657 
0.9887232026935886 37.046405089648246 19.924350055506522 0.7651973590179486 
0.988773700395692 37.052997722067616 19.92331013785658 0.7841403111810117 
0.9896360758249572 37.09756231638906 19.98600188473697 0.7609685890649182 
0.9807580995243719 32.721626043945676 21.54144027265094 0.8115961059300683 
0.9827864028598366 32.63588012317088 21.163002272601023 0.808682147943738 
0.9936603892455789 37.86189493764653 19.98834286081817 0.777280845210425 
0.9886381964032099 37.042520090460016 19.922627944860025 0.778370767496201 
0.9806387169551323 32.45707779326196 21.062237511873125 0.7981380048737579 
0.9888663513209295 37.807405812341905 19.90531072205836 0.7806067704919848 
0.9800547253811868 41.89842414112572 20.303389361213668 0.8001145716499531 
0.9827749865584674 36.83228658983038 19.80123251219165 0.8127883254497035 
0.994003724448826 33.0035143107523 21.373735708046347 0.7536090096808918 
0.9829480701056187 37.253403257997306 19.7865532207922 0.8286899618223436 
0.9851572329695072 37.38034286414867 19.886096241496382 0.7721589661227832 
0.9832427691685599 32.664092811688676 21.17237338536057 0.788694585865744 
0.9827865768259141 32.63580928247693 21.70790135146771 0.7570416370436781 
0.9896359577099536 37.09753404889068 19.985987980483102 0.774355214696376 
0.9853822066063032 37.05884308297001 19.943291642124276 0.7749009132773879 
0.984895098328429 36.9675629301388 19.899385336532927 0.7915620010227291 
0.9808107052714665 32.875968077036404 21.047863217796607 0.8117106152857589 
0.9831581032917429 32.601665247969464 21.173537372553966 0.7987470936709054 
0.995682843253705 36.84206522982561 21.708240780464994 0.8358770548698204 
0.9806461679356002 32.46833629078949 21.061125173659562 0.8686786954210071 
0.9886396640929636 33.44857972773154 21.46908832837754 0.8007573192762474 
0.982775122136027 36.83231053759364 19.8012457741722 0.808663475173959 
0.9896721356219997 32.851253720282116 21.269123017589347 0.8145555038932609 
0.9897980540579003 37.106631378397225 19.98850667850136 0.7546869497424826 
0.9865367835081098 32.722112312384354 21.730026849823545 0.7883341700495912 
0.9896359203307146 32.857086234433 21.268999854013217 0.8960390792789923 
0.9886530085887546 37.04292814934249 19.960135119097185 0.830238415174631 
0.9827826618255012 36.84367398447685 19.800161774448878 0.769166465293339 

0.9896359987034906 32.85650938914327 21.269064988922096 0.8116153095680594 
0.9896357769413402 32.85649093254796 21.26904558807477 0.8097128284892541 
0.9961093013856945 42.333872634069394 20.299897952490397 0.775184968476728 
0.9822783108873312 36.14446563370786 20.120052764402992 0.7900196351755973 
0.992409880450801 33.623477338034874 21.43559968209013 0.7926263491490293 
0.980638716713261 32.45705843250396 21.062226564814583 0.8822789415989251 
0.989675945530767 32.86527076225181 21.267715372531732 0.8179201789979539 
0.9806541308071088 32.45812857310719 21.062574666481883 0.8750076323270466 
0.9886379850226089 37.04246549203381 20.477130171480997 0.7585131187592004 
0.9898139519817826 37.52507914005318 19.971120254517743 0.7568325602776301 
0.9806387182681049 32.45708661842269 21.09931416750958 0.7761669153770789 
0.9829303157082021 32.99574122545691 21.15092668357194 0.8385884024259112 
0.9800141065832166 38.3408984221567 19.658405686363007 0.7652978334745405 
0.9896358674832466 32.85642117212842 21.269031903053254 0.8368190415944974 
0.9807193323156116 36.11309450115343 21.37371127476073 0.8747535269935496 
0.9810531361807511 32.483787606468496 21.070471424662156 0.8470862125600409 
0.9832438485327195 32.60858155781316 21.175009876070334 0.9422259059251894 
0.9865218963265878 32.71060716009062 21.186182322302393 0.7988958677370646 
0.9867552037008609 33.06047043369601 21.1757080473634 0.7834401161489186 
0.982842871803237 32.578864013815036 21.167160019326158 0.7870995791865634 
0.9822792793358626 35.839370427765445 20.643689426017943 0.7665328943155267 
0.9962419878761049 39.34002195461299 19.921477333504527 0.7891504089044555 
0.9934651419471662 33.17602405045433 21.297000129679013 0.903681832281455 
0.9897012318327401 33.089324255485764 21.237051464777828 0.8039147903150048 
0.9810537477221852 32.484373401730906 21.07053155532872 0.8997686891345686 
0.9827748943958583 36.8323278555886 19.801231032599794 0.837777158085395 
0.9887191669297498 40.72306698360151 20.235290645342186 0.7984372619421904 
0.9831851107162853 37.27678092158585 19.789922753122475 0.7517389046198797 
0.9865784147850831 32.65371582239636 21.19038279101325 0.8350669402679066 
0.9806534530144579 32.45742113920931 21.06230690123371 0.7871147344243485 
0.9831585032402947 32.59419024109209 21.172880324576436 0.7938528855081255 
0.9831581002876479 32.60166512444761 21.17353723359959 0.8249730282454739 
0.9852972364050177 36.996164178330325 20.461434270632665 0.8000403610687077 
0.9886455006926754 37.05383888627585 19.921520415075193 0.778804694097654 
0.9831468850494046 37.48104731624803 19.891839203417103 0.8631409236491285 
0.9802404892630869 39.03122971995907 19.56400621884084 0.7993381113624751 
0.9850681854786596 37.39019690730498 19.884594996698517 0.7458135962044767 
0.9818396859477878 34.92445759436135 20.353793189517308 0.8447980756712927 
0.9831147166821452 37.12795631891205 21.39083525695644 0.783742402732984 
0.9935783036915979 37.611757755954685 19.993362122063775 0.7712321714689354 
0.9881292875916705 32.80930932538318 21.246674077640378 0.7459172195269759 
0.9867585393544197 33.085613197002445 21.174826642353494 0.7944989728279467 
0.9903740166324246 38.53449049022758 19.875483147737715 0.770831818927896 
0.9848953950675795 36.96757427407316 19.899390935062463 0.7484452773600214 
0.9995039861818801 33.615421688091764 21.947452777538185 0.8603254629524981 
0.9806463292790057 32.46842621377108 21.06115975227848 0.837114144104335 
0.9827747074583053 36.83240604609209 19.838409674388814 0.810735228585767 
0.9806460318417671 32.46833721758888 21.061142699545133 0.838008917921907 
0.9827763019307576 36.834310851168865 19.801509183250282 0.7604584720625538 
0.9806461679356002 32.46833629078949 21.061125173659562 0.8014409843583927 
0.9897988070494661 41.06243371512646 20.25513495940753 0.798414184508538 
0.9935773439214608 33.369738602868274 21.276641489256406 0.783668510331568 
0.9806459863959065 32.468353762551295 21.06117131223047 0.7781054372824603 
0.9848951798520573 36.967462606309525 19.899357406799997 0.7684569977678193 
0.9896719953259634 37.09255429051149 19.98603748413855 0.8179676944215957 
0.9811966779465996 33.605527004061564 20.733312867745187 0.8209003523714791 
0.9827749865584674 36.83231095505418 20.346122318993984 0.8649747665987941 
0.982789749937186 36.8326349752246 19.801327436497797 0.8643827742209784 
0.9939776229709179 33.20706318410332 21.307120977944738 0.8032607141157221 
0.9828429223976344 32.5788705044791 21.16714512102566 0.7517734821519149 
0.9851046271391494 37.76179078663053 20.215226407790343 0.7933591319437773 
0.990047228100803 32.88364691971221 21.277397588386215 0.7844488954038201 
0.9827972939049462 40.36132756033704 20.155125233876262 0.7952627136793617 
0.9848953155713855 36.96752738552936 19.899374041486006 0.8505353995262364 
0.9832064744121163 33.6596184958742 21.06212252256976 0.7891503641184692 
0.9806461692488033 32.46834512377584 21.061146189430332 0.8353966595337337 
0.9960413277968037 38.047874762332086 20.052075360479076 0.8015178504608165 
0.9810534162764968 32.49486933990938 21.069352865487723 0.8184441826075309 
0.9842319220950186 35.819888851007875 20.944489831548523 0.7703323475152659 
0.9897011361155224 33.089267443557155 21.23702430583797 0.8304355277118077 
0.982789749937186 36.832670345534254 19.83847268319942 0.7927214534585482 
0.9827823607106803 36.84357941031381 19.800129744416537 0.8334722987061297 
0.9827823607106803 36.84357941031381 19.800129744416537 0.7667550530188929 
0.9827581864580877 32.57520532118618 21.16537245446272 0.8313368408771282 
0.9935466127008233 36.890335819661885 21.571269985109545 0.7820103280100281 
0.9996023921723668 38.12567382812787 20.071378393973994 0.7493276397413322 
0.9940321095805307 33.064023158347965 21.37129927172798 0.7610670689098674 
0.9886529862936443 37.04284921542854 19.92271759389522 0.8576505011047402 
0.9886887313314967 37.037861302802554 19.92271899602078 0.79672945895058 
0.9800030697454798 38.94934388951623 19.57831896141189 0.7918611662161774 
0.9897981222601304 37.10666104918077 20.533417337980957 0.7523440573872975 
0.9827824748097838 36.84369581700817 19.800168088770995 0.8020901184673905 
0.9886379850226089 37.04248264300132 19.96001623505991 0.7877363472061505 
0.9992966610845991 33.12659922537148 21.419647744709003 0.799689986341199 
0.9806501669265599 32.47401432894554 21.062366456963126 0.8329592462934351 
0.9908751905185268 39.17346121368364 20.242269516584273 0.7784125969047887 
0.9828731554766625 36.33689135884993 21.45977481617042 0.9008967079250179 
0.9853258796777501 37.056819672114706 19.904525391618503 0.7863096375400382 
0.9944995564334357 33.09311000753139 21.38091900896101 0.7534353334032222 
0.9806388493430551 32.45706631094839 21.062230050220897 0.8504746788746032 
0.9851007749465057 37.43702732415566 19.88195270614346 0.7874957685744162 
0.9937414432402871 33.37884875587383 21.279154808856582 0.7623423581533313 
0.9827866407488074 32.635772670175136 21.707872271977358 0.8034587756108192 
0.9886457120742003 37.05389478268115 19.92151937630046 0.8310258003326552 
0.9955160366532988 33.05081451014564 21.434087162594665 0.8699456217795484 
0.9934726486905832 33.17612239723007 21.259311460738225 0.8664832989321224 
0.9807895779881299 32.77084833620546 20.982553829939977 0.8673435294569618 
0.9827749878941316 36.832314718165875 19.801239378873245 0.8085401901482265 
0.9828558153555815 40.498501356045665 20.11268475040805 0.848729586278672 
0.9896360486763354 32.856426230640935 21.269012121185312 0.787949649566219 
0.9964973710621211 35.654555444586535 21.168372050796755 0.7706963143699564 
0.9827823132391997 36.84363406455153 19.800138114291777 0.7850137170885758 
0.9819192809335766 34.24831250385685 20.55916677868387 0.8653510556528006 
0.9897171836264729 37.34759408116115 19.943271963668483 0.7845012689552421 
0.9806388493430551 32.4570769195104 21.607139288278724 0.7899078250356806 
0.9827749865584674 36.83228658983038 19.80123251219165 0.8048490455586987 
0.9806388778657404 32.457165839160965 21.099328345980844 0.8680049055046848 
0.982774903858185 36.83238640528286 19.801260292479167 0.810163635819466 
0.9888117461170205 37.46522580533984 19.90787668415193 0.7949270118858509 
0.9827825884540466 36.843656257611755 19.80014778287158 0.8033920543171964 
0.9807193067160915 36.11310046213087 21.373716004335083 0.8174624075170193 
0.9900028179442284 33.41760378725355 21.21706797431984 0.8106752182535732 
0.9806389081396456 32.457377312343404 21.062313943006732 0.901875621112804 
0.9849799900470537 36.97139949053796 19.901078905156755 0.7491050526654228 
0.9849307460303743 36.962483237823925 19.89936062241115 0.7753033108982785 
0.9866944783798939 33.13116476028005 21.171773926087134 0.7740264123332455 
0.989701211472327 33.08932324105699 21.781937084122752 0.7765018441110941 
0.9853460855625592 38.054642774466615 19.956267464599364 0.7972881629805899 
0.9806389544757095 32.45720040259296 21.099340881116483 0.8256964290125435 
0.9906390427743397 35.33436859408401 21.04852220581793 0.7672795038986634 
0.9897174404179094 37.347563202352255 19.94325551318208 0.836454176492813 
0.9865218109251908 32.71062924796686 21.186199405169496 0.7971445113567219 
0.9828389341826022 36.245599389144516 21.47806512398899 0.7630803846860399 
0.9810372273872008 33.27880022844208 20.827206758562813 0.8231604147804069 
0.9806388604995693 32.45708136056254 21.062234315931637 0.9439558865021731 
0.9937496915999868 37.853555212595836 19.95340908314652 0.7696720746933893 
0.9899930401777652 34.09729630451329 21.13669944915344 0.7680108525855416 
0.9827897049529584 36.83274822888712 19.801354085909953 0.8477909604046553 
0.993391963502056 32.93169153529916 21.83726043572421 0.9308765540473887 
0.990130063030576 37.787698509687694 19.93293360285095 0.778193798170893 
0.9896358990156506 37.097681086492976 20.023745622446 0.7582199084959247 
0.9848952667406434 36.96747601954205 19.89936299097853 0.8009166546428546 
