0.9935707368734424 37.60033601609257 19.99447484446887 0.7520445539922732 
0.9829477907460378 37.25340734686962 19.78654958847529 0.8102391613812914 
0.9811547033787761 43.177076351076046 19.885324837216785 0.774429524259652 
0.9829478379907703 37.2534003273649 19.786542272642286 0.7693149681679379 
0.9867019786352615 33.142493005798244 21.17064763606601 0.8092361327224427 
0.980638444561585 32.45708677670781 21.06227050206724 0.783558076191914 
0.9806738519780718 32.451885805442714 21.062269122610708 0.7596905458864756 
0.9827748469248776 36.832301796033654 19.801239402475037 0.748473395084584 
0.9827748943958583 36.83229774292134 20.346115003297104 0.7738456534600655 
0.9827748943958583 36.83229774292134 19.801227665164703 0.7413224427310898 
0.9827748943958583 36.83229774292134 19.838372810781795 0.7454748112940838 
0.9827748943958583 36.83229774292134 19.801227665164703 0.7828156227694676 
0.9855461981206599 38.58087154844884 19.742211322137457 0.780059102786171 
0.9827867898258402 32.636485313290756 21.16289554047286 0.7859715386141204 
0.9807194439764118 36.11310886300323 21.373729001558704 0.8029748303011865 
0.980638802270873 32.45707434197057 21.062246120051086 0.8463468024829155 
0.980638802270873 32.45707434197057 21.062246120051086 0.7554263624920532 
0.9831768147128638 36.86089856195405 19.8087922141041 0.8041614238758734 
0.982810362254387 36.8273136901413 19.801229453999433 0.7757247006951344 
0.9827748943958583 36.83229774292134 19.801231032599794 0.7719804220120232 
0.9827748943958583 36.83229774292134 20.346118370732196 0.8012342881723877 
0.9827748943958583 36.83227742653812 19.801227665164703 0.7942679374815915 
0.9827748943958583 36.83227742653812 19.838372810781795 0.7369557804380312 
0.9827748943958583 36.83227742653812 19.801227665164703 0.7623056829549959 
0.9848952636815653 36.967475796004074 19.89936289109759 0.7522971884913128 
0.9848951798520573 36.967462606309525 19.899357406799997 0.7687693208306166 
0.9828389341826022 36.245599389144516 21.47806512398899 0.8341209420882119 
0.9850682697428229 37.390203005262435 19.884600507433646 0.7486589513740362 
0.9865219435549849 32.710608695083565 21.186184101267834 0.8937954683617664 
0.9827582698561486 32.57519082133973 21.165355379634626 0.8141147658480293 
0.9938064474527113 37.598558872424896 19.998782974857143 0.7575981877826405 
0.9933917869631169 37.17292632286153 20.009366486306604 0.7511955009399899 
0.9806388493430551 32.457062208074944 21.6071173883533 0.8505937138237398 
0.9806386269715939 32.45703157646215 21.062217902307584 0.8075671527378492 
0.9806386269715939 32.45703157646215 21.099286745652332 0.7593728469828027 
0.9806386269715939 32.45703157646215 21.062217902307584 0.7611177701202785 
0.9888402290986711 37.52589431732261 19.905469448857684 0.8424160973299721 
0.9900475500315042 32.88365217880336 21.27740133036358 0.8200579023444071 
0.9897172047259389 36.57046724143781 21.58105029076841 0.7769032869424941 
0.9831845105861468 36.8722054353917 19.807706160123438 0.8057493957842865 
0.9977791467150448 33.079129554360506 21.39715348554013 0.7597199577413531 
0.9806389013766857 32.457148986836614 21.062242454384528 0.8503826383452551 
0.9806741723527095 32.451992613019534 21.0622925379417 0.7555805702975475 
0.9806389013766857 32.457148986836614 21.062242454384528 0.7437662222752365 
0.9806389013766857 32.457148986836614 21.607122387030852 0.7530042661582886 
0.9806388794649132 32.45711050011833 21.06223943364281 0.7702471344869536 
0.9806388794649132 32.45711050011833 21.099308315374 0.750975729636691 
0.9806388793622206 32.4571103625307 21.06223939381421 0.7518715115229555 
0.9864933205847182 32.650039681392016 21.188578196966148 0.7512566352815444 
0.9848951798520573 36.967487040190946 19.899357406799997 0.807569351113235 
0.9887625640791504 40.79529155979968 20.23182413315919 0.842362819987327 
0.9827823132391997 36.843583463426114 19.800138114291777 0.7894709354485892 
0.9806388507008006 32.457078724314876 21.062252485320773 0.8543012740676821 
0.9806388506978829 32.45707872043659 21.062252484170752 0.7997726117599441 
0.9806741216727073 32.45192238572396 21.06230266304063 0.7488896591215382 
0.9806388505295556 32.457078428963044 21.062252458455156 0.7600818643513987 
0.9827751799491968 36.83241267070848 20.346146897465257 0.8371987944576531 
0.9827751799491968 36.83241267070848 19.80126589246684 0.7660669200421408 
0.9827751799491968 36.83241267070848 19.838411158840458 0.7961786753906572 
0.9827751799491968 36.83241267070848 19.80126589246684 0.779898304336831 
0.9806388497922145 32.45706638010748 21.062230068820725 0.8999069356066016 
0.9806385808641909 32.45704557397073 21.06221905373915 0.7642190208040605 
0.9994814840839672 37.16140815764425 21.697263529362257 0.8150386483894922 
0.9869307166923038 32.7484425654976 21.193272415936814 0.7478636187681448 
0.986529393806947 32.72196194103448 21.185092748082543 0.7477265372163022 
0.9827823607106803 36.84355909058422 19.80012637706038 0.9700899520909476 
0.9828178288238032 36.838575489602434 19.800124755232567 0.7614971316876367 
0.9827823607106803 36.84355909058422 19.80012637706038 0.7986258032310286 
0.9827823607106803 36.84355909058422 20.34501371519278 0.7552194780210567 
0.9827823607106803 36.84355909058422 19.80012637706038 0.748632538200134 
0.9827823607106803 36.84355909058422 19.837458181676695 0.7747907475645295 
0.9827823607106803 36.84355909058422 19.80012637706038 0.7503130762790199 
0.9849800418644483 36.97139501743843 19.90108669281365 0.7656607491061748 
0.9849799900470537 36.971393160577456 19.901078905156755 0.7610926253145875 
0.9898801712917497 40.82191905363448 20.300407534871773 0.7884456799806231 
0.9900487229620899 37.126788793277136 19.993778661429378 0.7745521692873725 
0.9885385015516353 32.83638051288108 21.25504701919846 0.7610339510485171 
0.9848951927991727 36.96750880022877 19.899385146076803 0.7875635714461668 
0.9849306718287778 36.96255489979449 19.899382832525337 0.7872191019487731 
0.9848953155713855 36.967502129726796 19.89937070715757 0.7461782661643515 
0.9827825884540466 36.84360762418562 20.34503512100398 0.7694042724377872 
0.9827825884540466 36.84360762418562 19.80014778287158 0.7643735214893759 
0.982782452876251 36.84359262565508 19.83746552573485 0.7733449584559111 
0.982782452876251 36.84359262565508 19.800133692564746 0.7781543513599815 
0.9902624252928456 37.91192095714162 19.922581920278716 0.7876464585647516 
0.9939776827126741 37.87707826837097 19.956790498018826 0.7815924747219496 
0.9936446754737747 40.90859586461819 20.322642338867357 0.7707366960714516 
0.9827823607106803 36.843630303601515 19.800129744416537 0.828219180932493 
0.9806460711504288 32.46833525381149 21.061162141264305 0.7976229836279561 
0.9806460318417671 32.468361510469705 21.061142699545133 0.7771116673451619 
0.9806813032088326 32.46320554878866 21.061192824804905 0.7476980855292321 
0.9806460318417671 32.468361510469705 21.061142699545133 0.756464135957202 
0.9806460318417671 32.468361510469705 21.606030037677534 0.7505903765955132 
0.9806461679356002 32.46833629078949 21.061125173659562 0.7403066652378845 
0.9806387169551323 32.45703969948718 21.099293046960828 0.7519586817705037 
0.9806385806208768 32.457045510207735 21.06221903921886 0.7546976087294482 
0.9806385808641909 32.45704557397073 21.06221905373915 0.8227217397793717 
0.9806385806208768 32.457045510207735 21.06221903921886 0.7744300025503494 
0.9934885939483353 36.64607887995044 21.604498511931975 0.8294787382554462 
0.9938201421362227 32.9592898440818 21.300862037990264 0.7726062021799163 
0.9923055434528955 32.9119058977573 21.278459109754586 0.7911414296015118 
0.9810531361807511 32.483787606468496 21.070471424662156 0.8089719810941594 
0.9831920288680449 36.853776880239906 19.80824167803264 0.7461804312462483 
0.9827748471737994 36.83233883994863 19.801239408126786 0.8027444345072123 
0.9827748471737994 36.83233883994863 20.346126746259188 0.7401999684769196 
0.9827748943958583 36.8323278555886 19.801231032599794 0.7674863771875702 
0.9827748943958583 36.83229774292134 19.838376180146124 0.7555118580039317 
0.9806386269715939 32.45705059367882 21.062233546624118 0.8093778914766097 
0.9827749878941316 36.832314718165875 19.801242871047137 0.7492986612494925 
0.9827748943958583 36.83229774292134 19.801231032599794 0.7703266410049132 
0.9811547317541376 43.17707844814061 19.8853263743066 0.7999822516500995 
0.9827748943958583 36.83229774292134 19.801231032599794 0.7563642150491718 
0.99334599005882 32.968103059789065 21.293067010954893 0.7532983949979462 
0.980641330622314 32.464765835406794 21.060732944648862 0.8149482120069569 
0.9806892899828411 32.45359920885481 21.062035045449353 0.7812919741705935 
0.982789749937186 36.832631405418454 19.801327436497797 0.7682556883939964 
0.982789749937186 36.832631405418454 20.346211696072807 0.7334605316134033 
0.982789749937186 36.832631405418454 19.801327436497797 0.7697821477419446 
0.982789749937186 36.832631405418454 19.83847268319942 0.759548074577669 
0.982789749937186 36.832631405418454 19.801327436497797 0.7854903605690867 
0.9889044329996215 37.480531575982006 19.908501950593873 0.7507808192566329 
0.9889044329996215 37.480531575982006 19.908501950593873 0.7611526337826446 
0.9888117684916706 40.73854515864778 20.235929051800245 0.8261232929183862 
0.9831842839132033 36.87218463095477 19.807690500270898 0.7748965659250957 
0.9920567564743127 33.30996144785827 21.25542600702026 0.7529288818794604 
0.9829478379907703 37.253367234528135 19.786530305428805 0.755704899495798 
0.9829520125209312 37.23959768642736 19.786300686375288 0.8079580285833314 
0.9829478379907703 37.253367234528135 19.786530305428805 0.7889210041728478 
0.9829478379907703 37.253367234528135 20.331417643561206 0.7667349570930702 
0.9829478379907703 37.253367234528135 19.786530305428805 0.7870265147348836 
0.9829478379907703 37.253367234528135 19.823681628966607 0.7516325243818052 
0.9829478379907703 37.253367234528135 19.786530305428805 0.7634037723674623 
0.9865859856957795 32.665070936905884 21.189292307289602 0.8318278307314264 
0.9865859856957795 32.665070936905884 21.189292307289602 0.7441557848209331 
0.9828707210976618 40.498844532127244 20.112772798330152 0.765360558331184 
0.9831919503755544 36.86126271503433 19.808895970357277 0.7658729395955275 
0.9808180167949612 32.88720814924511 21.0467572480285 0.8018553775222639 
0.9829553055472188 37.26465081139473 19.7854288341404 0.7491825718027445 
0.9829521063698762 37.23962745570972 19.786312503658593 0.7787586188266908 
0.9829478379907703 37.253367234528135 19.786530305428805 0.7526725893852757 
0.9829478379907703 37.253367234528135 20.331417643561206 0.7947033663869902 
0.9829478379907703 37.253367234528135 19.786530305428805 0.7527065048922112 
0.9829478379907703 37.253367234528135 19.823681628966607 0.7779795931681133 
0.9829478379907703 37.253367234528135 19.786530305428805 0.7645462072611342 
0.9996485296031623 33.57556452368277 21.40637699051399 0.7928406691804862 
0.9866735706746448 33.08190008450839 21.173036076557345 0.7539863394778279 
0.9865818615540609 36.3317775255521 21.50017401918597 0.7735726925864199 
0.9806463718869423 32.468356527378084 21.061168731019862 0.7688038488956483 
0.9806460872016964 32.46834003561768 21.061165695453564 0.7556693719333932 
0.982782452876251 36.84359262565508 19.800133692564746 0.7658059174227261 
0.982817920158013 36.83860899582898 19.800132074711897 0.7679136902119242 
0.9827823607106803 36.84357941031381 19.800129744416537 0.7545603657961664 
0.9827823607106803 36.84357941031381 20.345017082548935 0.7728176764147964 
0.9827823607106803 36.84357941031381 19.800129744416537 0.7377645616890292 
0.9827823607106803 36.84357941031381 19.83746155097534 0.7492009807858109 
0.9827823607106803 36.84357941031381 19.800129744416537 0.7547717115041874 
0.9850967365411447 37.45089444024137 19.882200021345398 0.7593359311068619 
0.9806386269715939 32.45703157646215 21.062217902307584 0.7813400848856012 
0.9897829553769409 36.80367245439656 21.549061186055326 0.787339551173851 
0.9806388493430551 32.45712157671489 21.062251950146326 0.8165505449670228 
0.9806387993350666 32.45708603684682 21.06224492358683 0.7445641932716902 
0.9806386269715939 32.45705059367882 21.062233546624118 0.770681725032516 
0.980673898298573 32.451894231576446 21.06228367366776 0.7780366654442057 
0.9806385806208768 32.457042003282375 21.06221903921886 0.7577417478717586 
0.9806385806208768 32.457042003282375 21.607106377351258 0.760066243127842 
0.9806385806208768 32.457042003282375 21.06221903921886 0.7524885817780065 
0.9806386269715939 32.45703157646215 21.099286745652332 0.7589595305311687 
0.9806386269715939 32.45703157646215 21.062217902307584 0.7525588819270554 
0.9828980532242744 37.031802790468475 19.816047897855825 0.8089636116792056 
0.9827823607106803 36.843630303601515 19.800129744416537 0.8090690978706478 
0.9902967677055252 42.472099401953315 20.115970490405143 0.7884044696622804 
0.9896361092858452 32.85646636817487 21.269054571043565 0.8040700362837699 
0.9828428718216209 32.63762919422111 21.164202021742945 0.814141778386673 
0.982842871803237 32.578864013815036 21.167160019326158 0.7884620808386811 
0.9828781565125656 32.573684569519216 21.167209581937833 0.7776998747160881 
0.9827582668673822 32.575190627561824 21.165355240440775 0.8260638935199568 
0.9827582668673822 32.575190627561824 21.719859958323784 0.7510533005185882 
0.9886666020599045 37.10311659970109 19.920213494580963 0.7839254612939558 
0.9849235914236234 37.02813363142985 19.9345258184573 0.8295193308889512 
0.9849235914236234 37.02813363142985 19.89694602477156 0.7638051403945463 
0.9934204958733519 37.195876122753 20.011426569712434 0.759880181402691 
0.980653798332854 32.457544106719325 21.0623694671392 0.8431658205195403 
0.9936368680462485 36.655649765035854 21.606916770786366 0.8493367515971015 
0.984923678331017 37.02814234809449 19.896951609535662 0.7482913348189697 
0.9895902017753053 32.892983653000755 21.269717028307248 0.8527921189879909 
0.9897982702411686 32.86563270568145 21.271521009468728 0.7734083886039379 
0.9898346087652572 32.860420211055796 21.271589571815888 0.7815490920251515 
0.9897982696677723 32.86563130898388 21.271521147074115 0.7591709687835526 
0.9897982696677723 32.86563130898388 21.816408485206516 0.7469481738364181 
0.9897982179700022 32.865510238341614 21.271533068013678 0.8013099576612288 
0.9849239134202352 37.02882502842851 19.934456960165086 0.8077971180349559 
0.9849237542280904 37.02816841465588 19.896976983082364 0.7545840906040302 
0.9865007413582532 32.66140771310864 21.187499263752358 0.7961386521459028 
0.9865007413582532 32.66140771310864 21.187499263752358 0.7815920271161599 
0.9879801488287754 39.28992034356072 21.347940053022814 0.9359666581940451 
0.993399653184524 37.18428187285299 20.00823065889162 0.7546461241996765 
0.9810457118939497 32.494707811168425 21.06928405689894 0.8006576857655494 
0.9806460315979645 32.46833720130313 21.06114269412668 0.7714307399860918 
0.9806813029657765 32.463181342179865 21.061192819373538 0.7558737957467937 
0.9806460315979645 32.46833720130313 21.06114269412668 0.8045273425520447 
0.9806460315979645 32.46833720130313 21.60603003225908 0.8261664462677167 
0.9806463007738148 32.46835791875458 21.061131041915026 0.7474896657954131 
0.9806461692488033 32.46834512377584 21.09838270090243 0.7644934607916873 
0.9806460779491701 32.468325244905515 21.061118876580903 0.7756874537557958 
0.9933919839617569 37.17290209931281 20.009366365779968 0.8353346657353976 
0.9933919839617569 37.17290209931281 20.009366365779968 0.7515111827382115 
0.9846526970049295 40.275458608078445 20.623091231469836 0.8223715343773426 
0.9849732800038768 36.627458164384734 20.318215454288882 0.8078408419228287 
0.9806386213542344 35.418858879164475 20.762654696306008 0.7667930726097092 
0.980638444561585 32.45708677670781 21.06227050206724 0.8223904485852921 
0.980673716956835 32.45193058263793 21.06232072419704 0.7505381948662937 
0.980638444561585 32.45708677670781 21.06227050206724 0.7624491443082131 
0.9831776736441815 37.26550176464859 20.335908180558732 0.7579886356078307 
0.9827748469248776 36.83233881803928 19.801239402475037 0.8256497128202285 
0.9827748943958583 36.8323278555886 19.838376180146124 0.8183432411828855 
0.9827748943958583 36.8323278555886 19.801231032599794 0.7651880621866526 
0.9886665145954501 37.1031031615573 19.920207897200445 0.7561172564082259 
0.9849235914236234 37.028109196138644 19.89694602477156 0.8184384342826483 
0.9807267129312796 36.12435476988877 21.372606863360183 0.8343258944393969 
0.9806388493430551 32.457099398997265 21.062251950146326 0.8918273952182975 
0.9806387993350666 32.45705171583441 21.062228164940876 0.7952623049483192 
0.9806387169551323 32.45703969948718 21.06222419969187 0.7620068343135217 
0.980673898298573 32.45187528307699 21.062267968882857 0.7436098659174584 
0.9827748943958583 36.83229774292134 19.801227665164703 0.7627916400921251 
0.9827748943958583 36.83229774292134 20.346115003297104 0.7756650059925229 
0.9827748943958583 36.83229774292134 19.801227665164703 0.8096959122267832 
0.9827748943958583 36.83229774292134 19.838372810781795 0.7615952427038881 
0.9806386269715939 32.45703157646215 21.062217902307584 0.7985171515615488 
0.9935547891324521 32.940798488219684 21.2948908449586 0.838374130761914 
0.9933918972577125 32.93170383248746 21.29234395046605 0.8509865142469984 
0.9828558153555815 40.498501356045665 20.11268475040805 0.9144611351586824 
0.982775122136027 36.83232595232897 19.80124907196437 0.7559656368308993 
0.9865859157738129 32.66507240288945 21.189276387802476 0.7537191054788044 
0.9865859157738129 32.66507240288945 21.189276387802476 0.7888507916884488 
0.9866138258461008 32.64853887005224 21.19043315968036 0.7758033549252092 
0.9849800418644483 36.97139060202724 19.90108669281365 0.7525903823063738 
0.9849799900470537 36.97137975080892 20.455583623039765 0.7502674246317297 
0.9849799900470537 36.97137975080892 19.901078905156755 0.7749315008161282 
0.9849799900470537 36.97137975080892 19.93866108785878 0.779150994744 
0.9849799900470537 36.97137975080892 19.901078905156755 0.7793256707515217 
0.9827866407488074 32.63575376020466 21.162968109505172 0.8007767170806224 
0.9827865573353509 32.63575248195983 21.162966408757697 0.7781053554051909 
0.9828632068139411 40.509768290962526 20.111574968448366 0.7692125454931159 
0.982782452876251 36.84359262565508 19.800133692564746 0.7756095607715593 
0.9806535904224692 32.4685229981295 21.061192311269163 0.7892711524494835 
0.9827898906617136 36.843766406919 19.800187798727514 0.7980312507991787 
0.9828253582308797 36.83878283212645 19.80018621193701 0.7876102687296447 
0.9827749863016957 36.83231466107315 19.801242860012387 0.7804133333705991 
0.9827748469248776 36.832301796033654 20.34612674060744 0.7566363336527363 
0.9827748469248776 36.8322880925394 19.801239402475037 0.7649277970519031 
0.9827748943958583 36.83227742653812 19.838372810781795 0.7482010292541581 
0.9827748943958583 36.83227742653812 19.801227665164703 0.7681176588826596 
0.9827824526165178 36.84359633167404 19.800141571715546 0.760328680258508 
0.982782452876251 36.84359262565508 19.800133692564746 0.7950948642265729 
0.9828707210976618 40.498844532127244 20.112786687876294 0.7990064906095702 
0.9831919503755544 36.86126271503433 19.80890778083407 0.7820115579365814 
0.9830216958129052 33.02516447965622 21.123181173182896 0.7533027599898292 
0.9865859152980574 32.66507238763785 21.189276378677796 0.8116105953909538 
0.9866213270880849 32.659895988223795 21.1893267191951 0.7602820346669135 
0.9865859152980574 32.66507238763785 21.189276378677796 0.7488958003594066 
0.9865784147850831 32.65371582239636 21.744887508896255 0.7780582628282591 
0.9865784147850831 32.65371582239636 21.19038279101325 0.7607893094737208 
0.9827581864580877 32.57520532118618 21.20287414224903 0.8205644080052221 
0.9827581850058208 32.575201586117174 21.165364718753462 0.7809596085093116 
0.9994756397936996 33.13602847816898 21.422246690720712 0.8038157613526613 
0.9934071398774251 32.9320935904277 21.292460626717432 0.8493751602784406 
0.9850607998050724 40.71089896946487 20.210794553937596 0.7783037251310759 
0.9849799900658611 37.0301646711457 19.898120907649854 0.7885376444164216 
0.9881296761980721 32.809357172916116 21.2467009590237 0.7950975800027837 
0.9806462503165754 32.46834454219996 21.061129138797433 0.8050131666824063 
0.9806813032088326 32.46318135845492 21.06117005925528 0.7566047409975707 
0.9806385806208768 32.457045510207735 21.06221903921886 0.7903618171008728 
0.9827897049563542 36.84383580861453 20.345098320736945 0.7936253966037402 
0.9827898906617136 36.843737158809105 19.800184306605445 0.7380764183453099 
0.982789890658516 36.83264095063836 19.83847266044952 0.7777769100706355 
0.982789890658516 36.83264095063836 19.801327407255826 0.7648849008986512 
0.9806387169551323 32.45707779326196 21.06222419969187 0.7583131173517235 
0.9806387169551323 32.45703969948718 21.06222419969187 0.7513937027965809 
0.9828566690336257 40.499822230031754 20.112922031529145 0.8333379775470384 
0.9831778938913325 36.86223823098408 19.80903111331655 0.7696506671881587 
0.9922908326194652 32.91156964201417 21.278354065294053 0.7866338311752319 
0.9827748943958583 36.83229774292134 19.801231032599794 0.7730614383487814 
0.982810362254387 36.82729344094132 19.801226080884103 0.7682218383278876 
0.9827748943958583 36.83227742653812 19.801227665164703 0.7605902803382691 
0.9827748943958583 36.83227742653812 20.346115003297104 0.7547700629198344 
0.9827748943958583 36.83227742653812 19.801227665164703 0.7455193342791251 
0.9827748943958583 36.83227742653812 19.838372810781795 0.7459102050535419 
0.9827748943958583 36.83227742653812 19.801227665164703 0.7867072858621118 
0.9848951798520573 36.967462606309525 19.899357406799997 0.7628250817184778 
0.9848951798520573 36.967462606309525 19.899357406799997 0.7701345270857911 
0.999725890115707 37.82666866401424 20.120876224022908 0.7590062179381716 
