-0.761 -51.557 
-0.647 -59.567 
-0.731 -57.007 
-0.759 -52.615 
-0.711 -58.305 
-0.752 -54.468 
-0.744 -55.725 
-0.735 -56.68 
-0.728 -57.245 
-0.757 -53.245 
-0.736 -56.601 
-0.714 -58.16 
-0.746 -55.341 
-0.756 -53.586 
-0.676 -59.35 
-0.655 -59.553 
-0.689 -59.07 
-0.76 -52.118 
-0.696 -58.889 
-0.68 -59.279 
-0.75 -54.851 
-0.755 -53.791 
-0.694 -58.95 
-0.672 -59.399 
-0.76 -52.118 
-0.726 -57.387 
-0.754 -54.052 
-0.753 -54.208 
-0.742 -55.901 
-0.661 -59.521 
-0.741 -56.069 
-0.717 -58.003 
-0.706 -58.532 
-0.706 -58.532 
-0.748 -55.162 
-0.739 -56.237 
-0.683 -59.216 
-0.69 -59.059 
-0.758 -53.0 
-0.667 -59.469 
-0.724 -57.524 
-0.722 -57.681 
-0.718 -57.919 
-0.739 -56.237 
-0.659 -59.529 
-0.749 -54.867 
-0.683 -59.216 
-0.65 -59.565 
-0.702 -58.689 
-0.7 -58.742 
