0.6772007026933418 0.6655774706138822 0.7898481308922193 0.1398456820806182 0.01800789045715767 0.028000105543625364 0.18475187498746265 0.743574961654375 0.37705742438281664 0.6987868854287715 0.6185752167343666 0.017963683298581737 3 6 2 3 5 4 2 1 1 1 1 1  
0.6743579368669081 0.744732951506932 0.7971470486472461 0.1541451357194022 0.12787084639493754 0.06185994091778618 0.749142182455502 0.12680294172666706 0.5000087996812459 0.6540824176372944 0.48241395684559224 0.4444962402042463 3 2 2 3 1 5 2 1 1 1 1 1  
0.6777909339623254 0.9965593219414535 0.9539859411038973 0.14154461443503064 0.9431445407454195 0.11007759242034543 0.38599076814012445 0.6270572202458773 0.1460143298199535 0.661438441470829 0.4689378290233175 0.4109488181436914 3 2 2 3 1 2 5 5 1 1 1 1  
0.6777909339623254 0.9965593219414535 0.9539859411038973 0.14154461443503064 0.9431445407454195 0.11007759242034543 0.38599076814012445 0.6270572202458773 0.1460143298199535 0.661438441470829 0.4689378290233175 0.4109488181436914 3 2 2 3 1 2 5 5 1 1 1 1  
0.37255498380006863 0.8062100000121705 0.6535983497283563 0.8402807022291501 0.22247731079107697 0.18557611723424378 0.5469263135412241 0.07642832308308717 0.16608431460647785 0.16000665188237112 0.2191675259388165 0.07318104172350942 3 4 6 5 1 4 1 3 1 1 1 1  
0.29847527416578973 0.8619336687902007 0.18682154792821176 0.05332553327997675 0.10477975035083842 0.1647951297828948 0.8354013032630141 0.034808935544959785 0.18869982429266965 0.15300865379514064 0.3392526891270342 0.33406876258695484 5 4 2 3 1 1 5 2 1 1 1 1  
0.4161738633982325 0.4377285066878624 0.15629419568524222 0.24282127051219837 0.5749929326129924 0.12746411342818004 0.8681425653217292 0.9163935492455287 0.807032139498878 0.1507679321198691 0.12780241109976626 0.5013056266702333 5 4 2 3 3 3 5 1 1 1 1 1  
0.4787529252246383 0.9672120178278611 0.3699821584410551 0.5339904783636014 0.7792179498014532 0.21321471561829783 0.03372332379066756 0.5912922900844134 0.7635484092633567 0.32462076064119627 0.5290119926007668 0.5096029782555909 5 2 2 3 3 3 5 2 1 1 1 1  
0.34385698346980764 0.8365004332882996 0.21495434881459594 0.33593274738424506 0.6546942238623348 0.6961757039758582 0.9453241796577676 0.06284224830446278 0.5898438195259939 0.761961480241258 0.22703001090653058 0.8083074777102729 5 2 2 3 3 3 5 5 1 1 1 1  
0.34385698346980764 0.8365004332882996 0.21495434881459594 0.33593274738424506 0.6546942238623348 0.6961757039758582 0.9453241796577676 0.06284224830446278 0.5898438195259939 0.761961480241258 0.22703001090653058 0.8083074777102729 5 2 2 3 3 3 5 5 1 1 1 1  
0.34385698346980764 0.8365004332882996 0.21495434881459594 0.33593274738424506 0.6452777804489183 0.6961757039758582 0.9453241796577676 0.06284224830446278 0.5898438195259939 0.761961480241258 0.22703001090653058 0.8083074777102729 5 2 2 3 3 3 5 5 1 1 1 1  
0.34385698346980764 0.8365004332882996 0.21495434881459594 0.33593274738424506 0.6546942238623348 0.6961757039758582 0.9453241796577676 0.06284224830446278 0.5898438195259939 0.761961480241258 0.22703001090653058 0.8083074777102729 5 2 2 3 3 3 5 5 1 1 1 1  
0.5767479875449311 0.7041812960970892 0.5799674916619132 0.9942843312231215 0.8606838187560979 0.8034080079301309 0.1279953292466499 0.26424466286069614 0.9199145695394965 0.750426300044215 0.2819025587442986 0.22070261450491874 5 2 7 2 1 1 3 6 1 1 1 0  
0.001835854716416195 0.20333830751276238 0.4414301088070139 0.9603322916183384 0.06097685852106932 0.7340044615850598 0.11380015650510145 0.015620425508082514 0.6055047100628772 0.8763301898746598 1.2060765168272282E-4 5.035923001268537E-5 5 4 6 5 3 6 1 4 1 1 1 0  
0.8361571152552322 0.8411184112419398 0.35609727912076766 0.16868043394895693 0.09213972424784254 0.8125808438768103 2.12947685639868E-6 0.9714609644882273 9.940052027620547E-7 0.45287461598876355 0.6119122527912089 0.7813391886342963 7 4 3 3 2 6 5 5 1 1 0 1  
0.8361571152552322 0.8417996672347523 0.6243915311568197 0.1652925700094994 0.2580744626545701 0.811966665087896 2.12947685639868E-6 0.9714652892704493 2.1157762109036205E-7 0.45296229343748723 0.6118956649596964 0.3044720343329508 5 4 3 3 2 1 5 5 1 1 0 1  
0.8361571152552322 0.8417996672347523 0.6243915311568197 0.1652925700094994 0.2580744626545701 0.811966665087896 2.12947685639868E-6 0.9714652892704493 2.1157762109036205E-7 0.45296229343748723 0.6118956649596964 0.3044720343329508 5 4 3 3 2 1 5 5 1 1 0 1  
0.11510163604464974 0.6391792999780108 0.35232033498281656 0.1526064078224879 0.2539935576836179 0.7671229256309788 0.9328086618063931 0.25456683676250363 0.0448530947891438 0.4914925430870746 0.6169882783093512 0.12024068256282044 7 2 2 3 2 1 5 5 1 1 1 1  
0.11510163604464974 0.608827088405806 0.6474396015339133 0.1526064078224879 0.2554174929908688 0.7671229256309788 0.9274860476417057 0.2502904406169403 0.0448530947891438 0.4914925430870746 0.3564382305352966 0.1174577506635198 5 2 2 3 2 1 5 5 1 1 1 1  
0.11510163604464974 0.608827088405806 0.6474396015339133 0.1526064078224879 0.2554174929908688 0.7671229256309788 0.9274860476417057 0.2502904406169403 0.0448530947891438 0.4914925430870746 0.3564382305352966 0.1174577506635198 5 2 2 3 2 1 5 5 1 1 1 1  
0.11510163604464974 0.608827088405806 0.6474396015339133 0.1526064078224879 0.2554174929908688 0.7671229256309788 0.9274860476417057 0.2502904406169403 0.0448530947891438 0.4914925430870746 0.3564382305352966 0.1174577506635198 5 2 2 3 2 1 5 5 1 1 1 1  
0.11505243559772246 0.608827088405806 0.6474396015339133 0.1526064078224879 0.2632134849169871 0.7671229256309788 0.9274860476417057 0.24399193760551702 0.46058937269819533 0.14601763437632878 0.3564382305352966 0.11564178198986025 5 2 2 3 3 1 5 5 1 1 1 1  
0.11505243559772246 0.608827088405806 0.6474396015339133 0.1526064078224879 0.2632134849169871 0.7671229256309788 0.9274860476417057 0.24399193760551702 0.46058937269819533 0.14601763437632878 0.3564382305352966 0.11564178198986025 5 2 2 3 3 1 5 5 1 1 1 1  
0.16420620966534827 0.7219189365149967 0.3536988328262256 0.0533294923362419 0.7886685087347879 0.9766339281544186 0.9094747355357788 0.4756693732389181 0.05334973691561251 0.6557912388445889 0.6635915812348642 0.3571600239092624 5 2 2 3 3 1 5 5 1 1 1 1  
0.36653516043546236 0.09930143292853047 0.37656695260375045 0.3649582403344639 0.30802053238777927 0.2594258393528027 0.5211281805647888 0.404066426703578 0.582157039239559 0.41659721345059336 0.21378944315919665 0.511558400572141 5 2 3 1 3 5 4 3 1 1 1 1  
0.34007834026096445 0.0936399215412046 0.18494831644888043 0.5030222605877294 0.36847513208103644 0.4489565743898256 0.6983494821212022 0.41216799330595927 0.9340351323483698 0.5436337876947794 0.16358779925676312 0.7190068393117408 5 2 3 1 3 2 6 3 1 1 1 1  
0.3796213350882882 0.09178297777339126 0.2458534868209762 0.2558607748636924 0.21573904251353748 0.5044746724757704 0.32125491360608843 0.3342665715115766 0.8079629938607196 0.5767747363471916 0.7488870782435277 0.40066211938638885 7 4 3 1 2 1 4 5 1 1 1 1  
0.8819891590001078 0.06597713328650567 0.2211075663297777 0.6824326193401784 0.9929793307521755 0.5426762561714762 0.2622643422198123 0.29733711525087714 0.8299903796406592 0.13766414857213977 0.6006337346760708 0.18368910453371884 3 2 3 1 5 1 4 5 1 1 1 1  
0.8962890723871322 0.33830495550603057 0.8755133793677395 0.0844776793384276 0.05007944640139003 0.45959042001392325 0.5412766023655463 0.7344106333406424 0.4047982329708488 0.535988512734073 0.3642234068797415 0.009318495922990177 5 4 6 3 3 2 3 2 1 1 1 1  
0.5094357828809883 0.21390595611760843 0.8840549013326033 0.01951265886555653 0.9878581494701496 0.35946696015160406 0.6541494709801923 0.15702633694649876 0.914397491552087 0.4394767705892445 0.5844340612855353 0.7291433682600836 5 4 3 1 3 2 3 5 1 1 1 1  
0.039247025286362036 0.829817417431028 0.6622155009293853 0.965266177897034 0.9162045669269993 0.4985990398416795 0.04016307487419479 0.7831819389958203 0.8045043975706543 0.8188632392666142 0.27869108997998193 0.2254203148888334 7 6 2 3 1 1 2 2 1 1 1 1  
0.37205714981476723 0.7786507571154001 0.12525107929745413 0.9619842519789056 0.9155284420369295 0.3473457619079471 0.039837813318597065 0.8475528249409506 0.32969539943944026 0.8184708202502962 0.2754088186664956 0.9748632425933595 5 6 2 3 1 1 2 2 1 1 1 1  
0.16031508669914105 0.9289235150987045 0.12929482719663982 0.05189108229082798 0.7696613160918391 0.7634393430419886 0.7891979314003482 0.12149719600046932 0.9129357256746461 0.18076697639391026 0.9949889058454662 0.6663935911813923 5 4 2 3 3 1 4 2 1 1 1 1  
0.9061407001990578 0.22706384717640635 0.13913816152099684 0.49753326436378004 0.010466902080478901 0.06252922646497577 0.4670958754375848 0.1453454469313603 0.34323052699462075 0.8308710188930574 0.8527416383670189 0.7212590650351096 5 4 2 3 3 1 2 5 1 1 1 1  
0.9061407001990578 0.22706384717640635 0.13913816152099684 0.49753326436378004 0.010466902080478901 0.06252922646497577 0.4670958754375848 0.1453454469313603 0.34323052699462075 0.8308710188930574 0.8527416383670189 0.7212590650351096 5 4 2 3 3 1 2 5 1 1 1 1  
0.9400742317157662 0.3356179943977319 0.14906544120371185 0.06609625534861918 0.6320634693530907 0.9658351972253942 0.16437100468650315 0.033673608931038865 0.36806945450774725 0.9509853951191727 0.9296354023052933 0.7121468521645162 5 4 2 3 3 1 2 5 1 1 1 1  
0.5036767941695691 0.2238478388410044 0.40257334915642823 0.7210784722966532 0.520396947649753 0.7352466874901171 0.6916999381802412 0.2597086626288843 0.0680661970877377 0.24827918574804628 0.23727898218070437 0.1959623726967369 3 2 6 3 1 2 3 5 1 1 1 1  
0.11672943964194454 0.7685162676383693 0.4475595532859687 0.8314710002255915 0.09420823237402048 0.18929027382096278 0.9209366197283524 0.3484941549058507 0.4200267873278019 0.35007529703338475 0.8241086371621466 0.7263237805565885 7 6 2 1 2 2 3 5 1 1 1 1  
0.00610921356373098 0.8521638414824285 0.34282876881427393 0.9482380848225881 0.004939446296108901 0.22827936839844423 0.914827940226957 0.16707362255308725 0.37205488976251344 0.2686866037918289 0.5110253501837221 0.9898893511758988 7 6 2 1 2 2 3 5 1 1 1 1  
0.2744292503274698 0.9861476492588636 0.5730128795670818 0.8287439573645834 0.6341189539691587 0.1707237201594673 0.041431558674495654 0.8129582054358014 0.4272741204473381 0.27269296952839545 0.5212618183618323 0.2643093461483551 7 2 2 5 2 2 3 1 1 1 1 1  
0.07373849149342507 0.95403516909552 0.6051491272312929 0.5932598069933903 0.6107977604002104 0.3083637480759634 0.10074890699266897 0.929033578259994 0.8021943649878933 0.06604308085135119 0.41555396747792167 0.9087723005013426 5 6 3 3 3 2 4 2 1 1 1 1  
0.4710709066961517 0.7081236205344889 0.4476136381978162 0.5022527935550414 0.017799179570016886 0.35138001008276737 1.3172323457341737E-5 0.9162305990509826 1.2506862664616572E-5 0.6076537605234147 0.5513130115222016 0.764925770660823 5 4 3 3 3 2 4 2 1 1 0 1  
0.4710709066961517 0.7081236205344889 0.4476136381978162 0.5022527935550414 0.017799179570016886 0.35138001008276737 1.3172323457341737E-5 0.9162305990509826 1.2506862664616572E-5 0.6076537605234147 0.5513130115222016 0.764925770660823 5 4 3 3 3 2 4 2 1 1 0 1  
0.4710709066961517 0.7081236205344889 0.4476136381978162 0.5022527935550414 0.017799179570016886 0.35138001008276737 1.3172323457341737E-5 0.9162305990509826 1.2506862664616572E-5 0.6076537605234147 0.5513130115222016 0.764925770660823 5 4 3 3 3 2 4 2 1 1 0 1  
0.4710709066961517 0.7081236205344889 0.4476136381978162 0.5022527935550414 0.017799179570016886 0.35138001008276737 1.3172323457341737E-5 0.9162305990509826 1.2506862664616572E-5 0.6076537605234147 0.5513130115222016 0.764925770660823 5 4 3 3 3 2 4 2 1 1 0 1  
0.4790865902337099 0.409998150908396 0.4453323146310868 0.5223102853549397 0.017919544810097356 0.9839173502552785 1.3172323457341737E-5 0.9117246326462914 4.970646457534125E-6 0.6076537605234147 0.5597975225292846 0.0659394178205771 5 4 3 3 3 2 5 2 1 1 0 1  
0.4790865902337099 0.409998150908396 0.4453323146310868 0.5223102853549397 0.017919544810097356 0.9839173502552785 1.3172323457341737E-5 0.9117246326462914 4.970646457534125E-6 0.6076537605234147 0.5597975225292846 0.0659394178205771 5 4 3 3 3 2 5 2 1 1 0 1  
0.4710709066961517 0.7081236205344889 0.44526338703099166 0.5015945049450362 0.017920569366117096 0.9750300062686297 1.3172323457341737E-5 0.9162305990509826 4.986170432319882E-6 0.6076537605234147 0.5513130115222016 0.764925770660823 5 4 3 3 3 2 4 2 1 1 0 1  
0.8193349817268221 0.8778554418160227 0.5531958287309101 0.017960493825541324 0.08753692108196315 0.6452613038002218 0.20575979332583882 0.975727527346973 0.8753884060052519 0.6627650593447193 0.6482743054193604 0.9084866652046221 5 4 3 3 2 1 6 5 1 1 1 1  
0.08320036521289609 0.8608760079914178 0.8089216609362704 0.7253720620814592 0.22611746422836446 0.7210880038007936 0.1576353790527937 0.2769128194670307 0.882725936478633 0.1330816777942141 0.6520109904595965 0.882984635839843 5 2 3 1 2 2 6 5 1 1 1 1  
0.2689242506861266 0.4730438325207162 0.023128136324080863 0.4407206777023357 0.556112804044839 0.5218078696379811 0.5175703382950141 0.7781569808255714 0.044441083668497264 0.013935125580119126 0.6302531220297309 0.6939169780808901 7 2 6 7 2 5 1 2 1 1 1 1  
0.8801948732461515 0.5480873795269221 0.9864776320892288 0.40852160961704775 0.5537066600364853 0.6986204218221015 0.38270023719273494 0.6575815538279574 0.04651429438498089 0.07003057268859994 0.7163467211943955 0.6968170812859046 5 2 2 5 2 2 5 1 1 1 1 1  
0.7852218596875081 0.5568385864105904 0.8323660605158133 0.9385959304137671 0.7367350363940103 0.11955115179204999 9.520281677779856E-7 0.9883453424463959 1.1951746871516869E-7 0.854289682472673 0.13214344578473688 0.5511925416862726 5 4 5 3 2 1 5 2 1 1 0 1  
0.7852218596875081 0.5568385864105904 0.8323660605158133 0.9385959304137671 0.7361766463081 0.11955115179204999 9.520281677779856E-7 0.9904737407379267 1.1951746871516869E-7 0.889737846631842 0.13214344578473688 0.5524702000330461 5 4 5 3 2 1 5 2 1 1 0 1  
0.7852218596875081 0.5568385864105904 0.8323660605158133 0.9385959304137671 0.7361766463081 0.11955115179204999 9.520281677779856E-7 0.9904737407379267 1.1951746871516869E-7 0.889737846631842 0.13214344578473688 0.5524702000330461 5 4 5 3 2 1 5 2 1 1 0 1  
0.7852218596875081 0.499748107002832 0.8130802826489083 0.8647315073995236 0.7361766463081 0.09003350571467111 9.520281677779856E-7 0.9971475335309977 6.03076249482759E-8 0.857471611371492 0.13214344578473688 0.5302199622185223 5 4 5 3 2 1 5 2 1 1 0 1  
0.9306440896549782 0.6417761614828662 0.7163124994588846 0.3571995008092895 0.3272795551519903 0.01806658093424745 2.374120398999398E-5 0.9654408157783692 1.1284874442207252E-5 0.8952260343795275 0.6744514404051388 0.09188740880691565 5 2 7 3 2 1 5 2 1 1 0 1  
0.9306440896549782 0.6417761614828662 0.7163124994588846 0.3571995008092895 0.3272795551519903 0.01806658093424745 2.374120398999398E-5 0.9654408157783692 1.1284874442207252E-5 0.8952260343795275 0.6744514404051388 0.09188740880691565 5 2 7 3 2 1 5 2 1 1 0 1  
0.9306440896549782 0.6417761614828662 0.7163124994588846 0.3571995008092895 0.3272795551519903 0.01806658093424745 2.374120398999398E-5 0.9654408157783692 1.1284874442207252E-5 0.8952260343795275 0.6744514404051388 0.12447368332813796 5 2 7 3 2 1 5 2 1 1 0 1  
0.9306440896549782 0.6417761614828662 0.7163124994588846 0.3571995008092895 0.3272795551519903 0.01806658093424745 2.374120398999398E-5 0.9654408157783692 1.1284874442207252E-5 0.8952260343795275 0.6744514404051388 0.12447368332813796 5 2 7 3 2 1 5 2 1 1 0 1  
0.13522705362774462 0.7241666874101118 0.25896582879039964 0.9721628378391386 0.23842537952382536 0.8109031340248639 0.32118419209714055 0.12804234143848475 0.9691633872132133 0.5922181488885204 0.2564883538592114 0.35508052613978247 5 4 2 3 3 2 3 1 1 1 1 1  
0.13451365422184947 0.17501740733181564 0.23638277374439606 0.5869301102893293 0.7839237433908101 0.7675138220287426 0.8511728643446602 0.4241436561161348 0.2505377267983423 0.05098031908839168 0.3214788046549591 0.40578708869246943 5 4 2 3 3 2 5 1 1 1 1 1  
0.07385654113668587 0.08230743868653201 0.3822528661610254 0.36969793885986413 0.05728999779220412 0.12204848661992895 0.029628935104681342 0.11887572587144776 0.28489410850314856 0.7696254629134338 0.9015236015903305 0.3971539251491846 7 5 6 5 2 6 4 3 1 1 1 1  
0.7238051123605558 0.20594286740099854 0.3686199416749054 0.4987420443684266 0.3795564417883708 0.5809750679714055 0.40661263205755616 0.9563685928537988 0.5523514531889365 0.7016836595604496 0.5264134640591105 0.0016717241670515803 7 4 6 5 2 2 4 2 1 1 1 1  
0.5894609789638099 0.1955553765042029 0.9856263886528136 0.5011204701173873 0.29971576931817934 0.35793388587959307 0.3606348000537658 0.6158129117901419 0.3227801355147787 0.6870093030720317 0.5345060141438698 0.9610686433658339 5 4 6 5 2 2 3 3 1 1 1 1  
0.5814412915894058 0.5486630209360295 0.7173683923394693 0.15920795587857783 0.2048124259058133 0.23444403965941757 0.6727441479538538 0.6913798952429621 0.46839427663019384 0.6200113212877724 0.4962867745599815 0.573502060625039 5 2 2 5 3 2 5 3 1 1 1 1  
0.6210488055872119 0.6190325236586444 0.68310444939013 0.5550637734529762 0.7472613682562028 0.3027815651694455 0.8310223325074807 0.45028845404597356 0.21872680582013856 0.6263001278160324 0.6058039652559908 0.6032281539632203 5 2 2 5 3 2 5 3 1 1 1 1  
0.6210488055872119 0.6190325236586444 0.68310444939013 0.5550637734529762 0.7472613682562028 0.3027815651694455 0.8310223325074807 0.45028845404597356 0.21872680582013856 0.6263001278160324 0.6058039652559908 0.6032281539632203 5 2 2 5 3 2 5 3 1 1 1 1  
0.6210488055872119 0.6190325236586444 0.68310444939013 0.5550637734529762 0.7472613682562028 0.3027815651694455 0.8310223325074807 0.45028845404597356 0.21872680582013856 0.6263001278160324 0.6058039652559908 0.6032281539632203 5 2 2 5 3 2 5 3 1 1 1 1  
0.5814412915894058 0.5486630209360295 0.7173683923394693 0.15920795587857783 0.2048124259058133 0.23444403965941757 0.6727441479538538 0.6913798952429621 0.46839427663019384 0.6200113212877724 0.4962867745599815 0.573502060625039 5 2 2 5 3 2 5 3 1 1 1 1  
0.6210488055872119 0.6190325236586444 0.68310444939013 0.5550637734529762 0.7472613682562028 0.3027815651694455 0.8310223325074807 0.45028845404597356 0.21872680582013856 0.6263001278160324 0.6058039652559908 0.6032281539632203 5 2 2 5 3 2 5 3 1 1 1 1  
0.6210488055872119 0.6190325236586444 0.68310444939013 0.5550637734529762 0.7472613682562028 0.3027815651694455 0.8310223325074807 0.45028845404597356 0.21872680582013856 0.6263001278160324 0.6058039652559908 0.6032281539632203 5 2 2 5 3 2 5 3 1 1 1 1  
0.38905928476807083 0.7863409474243365 0.63970504932162 0.24269543005180366 0.9323652113523909 0.7900127490405545 0.2678913379685456 0.16897336761430076 0.9575233546202958 0.577824137257479 0.30359522520002774 0.36257619088717286 5 2 7 1 3 3 3 2 1 1 1 1  
0.004258769474352206 0.35986280029262663 0.011285483202537805 0.18961136389344319 0.11526942695298215 0.34353973128918885 0.745862396897639 0.38363513606511745 0.3872844310294086 0.5736194599886799 0.31979336537274566 0.42990760975077663 5 2 7 1 3 3 3 3 1 1 1 1  
0.2556983709021174 0.22316208715304964 0.26640806633783176 0.44770875858835146 0.25604606512484024 0.08827664788539591 0.7332201274174251 0.13045175499568012 0.05639419249670591 0.5501922456514566 0.8651559318359818 0.4074755195791224 7 7 2 1 2 4 6 5 1 1 1 1  
0.4969772508318763 0.8641777870043001 0.42208292068678754 0.691756469829982 0.2360983632463638 0.6748904514828725 0.24289860415040004 0.5184445831973401 0.7854316774236454 0.5173094423208152 0.8563478722906191 0.6221379782546279 7 6 2 1 2 4 6 3 1 1 1 1  
0.9633744227066887 4.3959190314507395E-4 0.6483197508170697 0.34878969423328793 0.8087483288973364 0.5207564975820853 0.5437365824923766 0.5414962770621504 0.02566845396012632 0.7261395574843355 0.17532753480695834 0.03702049301232402 7 6 2 1 2 6 6 3 1 1 1 1  
0.9638713682685951 0.40371736612760045 0.37733090060452135 0.15804414046186394 0.8152857446145951 0.5325211827400191 0.17313427251674474 0.8392428945584728 0.9796618887613412 0.09050444896098915 0.07577983929458629 0.040272317398611146 5 2 3 1 2 6 6 6 1 1 1 1  
0.9638747167308038 0.40371736612760045 0.38410044247944963 0.15804414046186394 0.6086346050000795 0.2012187274699205 0.019364631324730028 0.8392007926133066 0.9800148357974073 0.09050444896098915 0.07582286689368682 0.034617016818032004 5 2 3 1 2 6 6 6 1 1 1 1  
0.0990750804164145 0.04389948706652813 0.2245446928721816 0.8694588113408229 0.46654382556359436 0.3983106463923071 0.9557299288644708 0.28610097623103825 0.9552266821548572 0.10870395882343978 0.45352223283414483 0.38679335798241343 5 2 3 1 2 5 4 1 1 1 1 1  
0.6356860977215519 0.479868202277842 0.09589253257240907 0.8674874076017831 0.44901459061161075 0.3415875491787614 0.2130983654290391 0.38139967181581663 0.6790541050652508 0.0451913551299097 0.09344779041904795 0.5034512922810955 5 2 2 5 2 2 3 1 1 1 1 1  
0.21600794997058342 0.4840732147645821 0.8704275897316558 0.4069102509823813 0.22657810661291444 0.27384904173468105 0.5408053933634558 0.3915173936337321 0.6770471273197659 0.8020062493366342 0.45103740122249947 0.5080119598837913 5 2 2 5 2 2 3 1 1 1 1 1  
0.6356860977215519 0.4733574743506764 0.09575292084032619 0.8647249106967038 0.34906684482967204 0.3415875491787614 0.1405575140333311 0.38139967181581663 0.7025727871823939 0.5462344684598865 0.09344779041904795 0.09254608104285239 5 2 2 5 2 2 1 3 1 1 1 1  
0.6356860977215519 0.4733574743506764 0.09575292084032619 0.8647249106967038 0.34906684482967204 0.3415875491787614 0.1405575140333311 0.38139967181581663 0.7025727871823939 0.5462344684598865 0.09344779041904795 0.09254608104285239 5 2 2 5 2 2 1 3 1 1 1 1  
0.10756502242609225 0.45901141900270825 0.6451660846007067 0.44130126963889665 0.6199495156506993 0.0011151256024063611 0.8488715673568065 0.7670235370036228 0.5082699534396771 0.6634618235125875 0.0018345965040037632 0.014518389728451995 7 7 2 5 1 3 4 3 1 1 1 0  
0.2461640410408876 0.4976521654523414 0.2551524925363222 0.8488168428559499 0.6186019583859892 0.23406842526895047 0.9792218746135237 0.4711326384621285 0.041335027205969196 0.8369070969867094 0.9703032032593215 0.7796688044741223 7 7 2 5 1 3 2 3 1 1 1 1  
0.30684910419051603 0.8196565830992072 0.8039641544181552 0.3482481119608285 0.16584079176551572 0.24950151229907597 0.5023599227339757 0.28951295900622886 0.6360369424151419 0.3308404668610171 0.259440867954485 0.8082872879557413 7 7 2 5 2 4 5 3 1 1 1 1  
0.30684860737294106 0.8104058324580414 0.8039641544181552 0.3508468867466758 0.09543907617384895 0.7616285711620947 0.49744762452900676 0.4103201563298858 0.6360369424151419 0.32780799445249087 0.36399547939021343 0.8043756366738187 5 2 2 5 2 4 5 3 1 1 1 1  
0.5733486317481677 0.7017902424702311 0.3757477881096787 0.21091394727034377 0.112661171840222 0.19067443536093695 1.5373957303503225E-4 0.6660939830591172 0.0010746051881243177 0.6100514389002438 0.4032590363477998 0.37569558295301153 5 4 2 5 1 4 5 3 1 1 1 1  
0.5196155456336956 0.7562036882300277 0.4130964488425113 0.8988906142382449 0.3380984156027049 0.3605956519351545 0.003315567535733588 0.1322159790206655 0.11481246033343742 0.6180347015160109 0.846371135310333 0.4611928883835646 5 4 2 5 2 5 2 2 1 1 1 1  
0.5196155456336956 0.7562036882300277 0.4130964488425113 0.8988906142382449 0.3380984156027049 0.3605956519351545 0.003315567535733588 0.1322159790206655 0.11481246033343742 0.6180347015160109 0.846371135310333 0.4611928883835646 5 4 2 5 2 5 2 2 1 1 1 1  
0.5196155456336956 0.7562036882300277 0.4130964488425113 0.8988906142382449 0.3380984156027049 0.3605956519351545 0.003315567535733588 0.1322159790206655 0.11481246033343742 0.6180347015160109 0.846371135310333 0.4611928883835646 5 4 2 5 2 5 2 2 1 1 1 1  
0.5196155456336956 0.7562036882300277 0.4130964488425113 0.8988906142382449 0.3380984156027049 0.3605956519351545 0.003315567535733588 0.1322159790206655 0.11481246033343742 0.6180347015160109 0.846371135310333 0.4611928883835646 5 4 2 5 2 5 2 2 1 1 1 1  
0.10100550683050757 0.7795606532524546 0.20713158895301576 0.8864196650689549 0.6176173619651212 0.9980598546237828 0.3977640449495471 0.27429687108578205 0.11420694471823348 0.6173745113572187 0.5906777444010871 0.23079170132805354 5 4 2 5 3 1 6 3 1 1 1 1  
0.677789643910569 0.9039193474371838 0.9481146466477204 0.17093621423094435 0.6123255193180779 0.9913024413281243 0.39053116020099016 0.34936963297870455 0.5274084717887634 0.5646186042803546 0.048301533603338 0.8449384330756675 5 4 2 3 3 1 1 5 1 1 1 1  
0.3059918189417164 0.21326826869751664 0.9134735119745889 0.1558012396354742 0.6121880264376138 0.9896804147818782 0.26107342524794 0.382586305074478 0.49748591049482527 0.7750278165473041 0.264222220855013 0.13258353983607785 5 4 2 3 3 2 2 2 1 1 1 1  
0.013346153229799013 0.6428894310000177 0.47084461788093007 0.09449559877069631 0.3925589530332172 0.21678879491229747 0.21400242237099792 0.9587761870650514 5.029984404602325E-4 0.46695550367493155 0.7318328152335413 0.18052607732241463 5 4 2 3 3 4 2 1 1 1 1 1  
0.4301793409980583 0.015553389617369573 0.29855550428894106 0.47887625914507104 0.38122490079109517 0.15546347805559613 0.2133945731510783 0.9620677754694842 0.08149309228865276 0.4665401620965576 0.4225148600627324 0.7378281615859178 5 4 2 3 3 4 2 2 1 1 0 0  
0.30710255646645873 0.8800081149995549 0.23334787831856857 0.6029067862769266 0.22459804459914834 0.3841198298661197 0.2527699705779278 0.0507182634127332 0.783416484407111 0.32561445736264616 0.1749021702505697 0.204686182049871 7 6 2 7 2 6 6 1 1 1 1 1  
0.3100725584998515 0.15159419352244086 0.1792744966176187 0.5742217703684117 0.43653629034200675 0.2754569697163032 0.2770199155041462 0.001924280425886292 0.697624459903905 0.29514389808845437 0.711715561300669 0.20725430040193102 7 6 2 7 2 6 6 1 1 1 1 1  
0.4437485116994853 0.5377609170257223 0.1792744966176187 0.3342435815892848 0.43158725361341216 0.7539305632367534 0.27866641209046294 0.02248912150006452 0.1249259195643747 0.686253125226294 0.7593154646236905 0.6784265959523779 7 6 2 7 2 5 2 1 1 1 1 1  
0.9578326467940977 0.8645243402921311 0.39857845513361106 0.8018142724904964 0.8642502168476863 0.0369113652188872 0.2409256657781973 0.4624715614413918 0.999542201853214 0.6318099207872487 0.7175012243382705 0.14246638478384577 7 4 2 7 2 3 2 1 1 1 1 1  
0.9578326467940977 0.9334244541142033 0.39857845513361106 0.8018142724904964 0.8642502168476863 0.0369113652188872 0.6484983757653289 0.4624715614413918 0.9937065263097993 0.6457950166277852 0.7190407287619516 0.14246638478384577 7 2 2 7 2 3 2 1 1 1 1 1  
0.849327841763132 0.9336675978033987 0.14898946780613287 0.03214868757532724 0.8915145497485324 0.0369113652188872 0.6484983757653289 0.45839398123542613 0.9718452417062537 0.6457950166277852 0.7190407287619516 0.1424679592001412 5 2 2 3 2 3 2 1 1 1 1 1  
0.849327841763132 0.9336675978033987 0.14898946780613287 0.03214868757532724 0.8915145497485324 0.0369113652188872 0.6484983757653289 0.45839398123542613 0.9718452417062537 0.6457950166277852 0.7190407287619516 0.1424679592001412 5 2 2 3 2 3 2 1 1 1 1 1  
0.8733999196453627 0.2349874584937156 0.004781044478527119 0.9395655857071927 0.17411260632246722 0.7236325690250565 0.21224923958338152 0.46459689663542547 0.9389105054359719 0.17639675651782705 0.044838255817567285 0.8845950867551823 5 2 2 3 2 3 2 5 1 1 1 1  
0.8733999196453627 0.2349874584937156 0.004781044478527119 0.9395655857071927 0.17411260632246722 0.7215679785751059 0.21224923958338152 0.46459689663542547 0.9389105054359719 0.17639675651782705 0.044838255817567285 0.8845950867551823 5 2 2 3 2 6 5 5 1 1 1 1  
0.8853486200402072 0.2123515297407233 0.01645498672808576 0.5446122356963262 0.4116203164555546 0.1793142578089328 0.49797748087049654 0.3855983997508621 0.9033241326573408 0.24002790058168977 0.8128552248954025 0.08534068106312176 5 4 2 3 2 1 5 5 1 1 1 1  
0.8451474383490309 0.4006991518665521 0.7983604653395481 0.9211007297141225 0.37119287280645985 0.028971335514620875 0.2864366954563474 0.20788675445757254 0.546840711245776 0.3108475793947312 0.47094656541760643 0.7382293191034546 5 2 2 3 2 1 6 1 1 1 1 1  
0.8788249410250588 0.12927676462223456 0.7347061392309084 0.5319086427503087 0.11591734800690423 0.3707647760246816 0.3656218689761961 0.1772468777646541 0.3268890678902862 0.7364844326506159 0.19085839429265034 0.10493306860399518 5 2 2 3 2 1 5 5 1 1 1 1  
0.09888444825442844 0.12964646302261873 0.1479835944488156 0.3499619386124826 0.33761024375321613 0.08877123543538279 0.3265076299151781 0.16939867382057927 0.14783106398290125 0.04144792848894918 0.8291339634220215 0.09632312428182044 3 2 2 3 2 1 5 5 1 1 1 1  
0.8762212649617102 0.12964646302261873 0.1479835944488156 0.35658715398929486 0.3334505689234376 0.08810408909365501 0.3266643067942891 0.16939867382057927 0.14783106398290125 0.5355433883543735 0.8291339634220215 0.09632312428182044 5 2 2 3 2 1 5 5 1 1 1 1  
0.044458867647738265 0.11431341537858422 0.1482152895989192 0.4352726996380154 0.5636531136913477 0.7219325769519406 0.29447413257331445 0.33962425094008475 0.6956908914431177 0.5821917269506692 0.20194889840717906 0.7101685732383499 5 7 2 3 3 6 2 2 1 1 1 1  
0.5285774145514363 0.5052241676853779 0.5718119776566217 3.0368133775337776E-4 3.200081833223253E-4 0.9542937472610231 0.0436481378592611 0.4786042135974518 0.4238021520349894 0.6221244651629362 0.1743194577314012 0.09926286538262975 5 1 2 3 3 5 2 1 1 0 1 1  
0.7394170933558071 0.910866740958122 0.16780381574745262 2.6353498263367425E-5 1.767091700427964E-4 0.964873042072107 0.021159079140377554 0.467885145910634 0.36424775953863003 0.6379812260010772 0.2481647321671132 0.7465228982025885 5 1 2 7 3 5 2 1 1 0 1 1  
0.24163190919108612 0.41601850482935987 0.05690416483488091 0.006615826020005883 0.30964002492311804 0.37790743332998306 0.4188718720308814 0.020301179883527025 0.6919962609195245 0.6127568726469885 0.7109048136462106 0.7710285612843497 5 2 2 7 3 5 2 1 1 1 1 1  
0.24163190919108612 0.41601850482935987 0.05690416483488091 0.006615826020005883 0.30964002492311804 0.37790743332998306 0.4188718720308814 0.020301179883527025 0.6919962609195245 0.6127568726469885 0.7109048136462106 0.7710285612843497 5 2 2 7 3 5 2 1 1 1 1 1  
0.2801250225676728 0.42666216499720366 0.14424241083626585 0.09374638463051183 0.31163125657612445 0.4637687316816594 0.016117169953272528 0.03947292333506279 0.14820025821573019 0.7219260305585035 0.2307663505229416 0.7368115731297347 5 2 2 7 3 5 2 1 1 1 1 1  
0.24163190919108612 0.41601850482935987 0.05690416483488091 0.006615826020005883 0.30964002492311804 0.37790743332998306 0.4188718720308814 0.020301179883527025 0.6919962609195245 0.6127568726469885 0.7109048136462106 0.7710285612843497 5 2 2 7 3 5 2 1 1 1 1 1  
0.24163190919108612 0.41601850482935987 0.05690416483488091 0.006615826020005883 0.30964002492311804 0.37790743332998306 0.4188718720308814 0.020301179883527025 0.6919962609195245 0.6127568726469885 0.7109048136462106 0.7710285612843497 5 2 2 7 3 5 2 1 1 1 1 1  
0.6091455422879833 0.8089476522767008 0.061071012596444374 0.9587374615024395 0.5773477302345528 0.8832471075721063 0.6759814448505838 0.9181028877759648 0.8603378957289656 0.9018075884610787 0.9105458735752794 0.04629527598666472 3 2 7 5 1 3 3 3 1 1 1 1  
0.6091455422879833 0.8089476522767008 0.061071012596444374 0.9587374615024395 0.5773477302345528 0.8832471075721063 0.6759814448505838 0.9181028877759648 0.8603378957289656 0.9018075884610787 0.9105458735752794 0.04629527598666472 3 2 7 5 1 3 3 3 1 1 1 1  
0.5716973681109981 0.6731790691269606 0.18193624541535278 0.8793114773600368 0.5939112458223745 0.7476033919892172 0.6397247451389656 0.7471741386353733 0.25975571826612337 0.9158097805588721 0.1634165720911456 0.6678116424733377 7 2 7 5 2 3 3 3 1 1 1 1  
0.8031520844163508 0.09839255779050127 0.926568557379 0.6214563050746825 0.38238802378923453 0.7185478601937588 0.16895031149696316 0.7470116497234514 0.3372364673027046 0.9857580573428262 0.7969515454150465 0.7358225325674921 7 2 2 5 2 6 2 3 1 1 1 1  
0.1245799310020489 0.7001499729287295 0.6480796994481641 0.4816708296820657 0.32121907766659386 0.7164907115699609 0.44935100717154286 0.808524492806588 0.26351514982656726 0.9961615014843643 0.04197237734492665 0.9410068225095563 3 6 2 3 1 2 5 5 1 1 1 1  
0.16114372592361967 0.038435664120466076 0.8668424027436163 0.6763970327246347 0.5131064155074265 0.6897456014081399 0.46773325668888416 0.37167925331189067 0.28905368050956576 0.11981454990794613 0.04197237734492665 0.051237448257965224 3 2 2 3 5 2 5 5 1 1 1 1  
0.16114372592361967 0.038435664120466076 0.8668424027436163 0.6763970327246347 0.5131064155074265 0.6897456014081399 0.46773325668888416 0.37167925331189067 0.28905368050956576 0.11981454990794613 0.04197237734492665 0.051237448257965224 3 2 2 3 5 2 5 5 1 1 1 1  
0.16114372592361967 0.038435664120466076 0.8668424027436163 0.6763970327246347 0.5131064155074265 0.6897456014081399 0.46773325668888416 0.37167925331189067 0.28905368050956576 0.11981454990794613 0.04197237734492665 0.051237448257965224 3 2 2 3 5 2 5 5 1 1 1 1  
0.3697243189501709 0.2847869565858077 0.5489373656854472 0.5808791692724563 0.44244863391981104 0.7264090410074275 0.8445356813640802 0.3466924120897978 0.34602878794537983 0.1183836710148804 0.8630646592061874 0.9022076776315735 3 2 2 3 5 2 5 5 1 1 1 1  
0.16114372592361967 0.038435664120466076 0.8668424027436163 0.6763970327246347 0.5131064155074265 0.6897456014081399 0.46773325668888416 0.37167925331189067 0.28905368050956576 0.11981454990794613 0.04197237734492665 0.051237448257965224 3 2 2 3 5 2 5 5 1 1 1 1  
0.16114372592361967 0.038435664120466076 0.8668424027436163 0.6763970327246347 0.5131064155074265 0.6897456014081399 0.46773325668888416 0.37167925331189067 0.28905368050956576 0.11981454990794613 0.04197237734492665 0.051237448257965224 3 2 2 3 5 2 5 5 1 1 1 1  
0.3697243189501709 0.2847869565858077 0.5489373656854472 0.5808791692724563 0.44244863391981104 0.7264090410074275 0.8445356813640802 0.3466924120897978 0.34602878794537983 0.1183836710148804 0.8630646592061874 0.9022076776315735 3 2 2 3 5 2 5 5 1 1 1 1  
0.46888236262646577 0.8638258863287358 0.7293397860731667 0.4387341077829106 0.23167467588238655 0.6307678720263757 0.8982421033549604 0.3214744493513745 0.010018219804245651 0.33528708486134806 0.6380893978203497 0.9855563666970637 5 4 7 5 1 3 3 3 1 1 1 1  
0.46888236262646577 0.8638258863287358 0.7293397860731667 0.4387341077829106 0.23167467588238655 0.6336877015563857 0.8982421033549604 0.3302438039981005 0.010018219804245651 0.33528708486134806 0.6380893978203497 0.9855563666970637 5 4 7 5 1 3 3 3 1 1 1 1  
0.6837594062729172 0.9869561600898944 0.2647832882376248 0.3954968663258931 0.7215200604547467 0.352980507568764 0.7772878803680693 0.33860244027274344 0.1537820928579342 0.22796189358124203 0.6908031469961776 0.47797120922835723 7 2 2 7 2 1 3 1 1 1 1 1  
0.6837682810298228 0.991536519314762 0.9034917886924222 0.36880608351726274 0.7215200604547467 0.352980507568764 0.8766238591462524 0.33860244027274344 0.15377144376954133 0.22796189358124203 0.47274660412291636 0.47797120922835723 7 2 2 7 2 1 3 1 1 1 1 1  
0.2650123714258895 0.4590765776219147 0.9268703038841788 0.3429519900650356 0.14037481863467716 0.6051494897200573 0.5922950166452483 0.5486657188095029 0.17604368589055203 0.7438888181099681 0.6616830830233243 0.23747571219926733 3 4 2 5 5 5 2 2 1 1 1 1  
0.2464176750551783 0.45834371976610877 0.8985360172182536 0.3517541652474355 0.10939149627271832 0.6033480520693941 0.7762824976178783 0.7119709541530179 0.7464893234269194 0.7497658120664149 0.5077971822898226 0.15605777307232951 3 2 2 5 5 5 2 3 1 1 1 1  
0.5005838837159271 0.515980308489159 0.020423623172503985 0.24477413369230938 0.08455296109179519 0.2069114757639266 0.18962340415016804 0.3050589604727085 0.11089271732844524 0.34444976406618827 0.5076637731709975 0.14097073134231 3 2 2 3 5 5 6 2 1 1 1 1  
0.5803933527232433 0.515980308489159 0.05418299916141864 0.24477413369230938 0.5926048456192485 0.2069114757639266 0.18978104373818327 0.2969947142211395 0.11089271732844524 0.34444976406618827 0.5076637731709975 0.1409268570717919 3 2 2 3 5 5 5 5 1 1 1 1  
0.5803933527232433 0.515980308489159 0.1428490935633725 0.24477413369230938 0.5926048456192485 0.3522126639272126 0.18978104373818327 0.2969947142211395 0.11089271732844524 0.2878665986981234 0.5076637731709975 0.14100203537853537 3 2 2 3 5 5 5 5 1 1 1 1  
0.5803933527232433 0.515980308489159 0.1428490935633725 0.24477413369230938 0.5926048456192485 0.3522126639272126 0.18978104373818327 0.2969947142211395 0.11089271732844524 0.2878665986981234 0.5076637731709975 0.14100203537853537 3 2 2 3 5 5 5 5 1 1 1 1  
0.5803933527232433 0.515980308489159 0.05418299916141864 0.24477413369230938 0.5926048456192485 0.2069114757639266 0.18978104373818327 0.2969947142211395 0.11089271732844524 0.34444976406618827 0.5076637731709975 0.1409268570717919 3 2 2 3 5 5 5 5 1 1 1 1  
0.5803933527232433 0.515980308489159 0.05418299916141864 0.24477413369230938 0.5926048456192485 0.2069114757639266 0.18978104373818327 0.2969947142211395 0.11089271732844524 0.34444976406618827 0.5076637731709975 0.1409268570717919 3 2 2 3 5 5 5 5 1 1 1 1  
0.8727231209663306 0.7467956771511277 0.07515307074649603 0.7223237435973877 0.06786515712667818 0.39735276891035176 0.2942162676824521 0.10026902957894968 0.44496862071962034 0.26068190501856475 0.44723471748479593 0.08829606897673219 3 7 3 5 2 6 3 3 1 1 1 1  
0.13271671045676098 0.4473063920822081 0.8909124512208151 0.7322019913312402 0.19208040659567072 0.45501564851179993 0.9156125488376528 0.3009421333464731 0.3505599794185792 0.2825991640474673 0.3299658684493471 0.07623610266413217 3 4 3 5 5 6 3 3 1 1 1 1  
0.151946695549958 0.5161419144356149 0.21493109979832273 0.9308991028374488 0.9066014268334905 0.21141396412103283 0.07656268507737499 0.7320337033362934 0.2749454073631198 0.8915303348141452 0.26007573280134594 0.3649806488946119 7 4 3 5 2 2 4 3 1 1 1 1  
0.2858355125134251 0.5448047126639878 0.1986906733989237 0.15610569998707327 0.8510924684128836 0.8408738743390771 0.6103873962071645 0.9316970506616116 0.010005541856640918 0.665543785694773 0.8607826342942495 0.09802920438521714 5 4 2 5 1 2 4 3 1 1 1 1  
0.8468026531006291 0.38379334139605614 0.046756163413665286 0.2186434152367065 0.9616504907039922 0.2667108614323006 0.5794849791323995 0.42285143407641 0.034931187121975626 0.6742087504777439 0.8536596424801353 0.629793806751878 5 4 2 5 1 2 1 3 1 1 1 1  
0.8544851176131079 0.1669460455939195 0.12737908655228852 0.21186944601438806 0.4807004803725845 0.16162542821781323 0.4297791719360559 0.7047377402390385 0.37174458719423426 0.2445159557084835 0.576733564014215 0.6151976280281388 5 2 2 5 2 2 1 3 1 1 1 1  
0.8548348261955946 0.16824708148157644 0.12653265538304842 0.2252837674221748 0.48243350175586575 0.15745280466750333 0.7654515289447421 0.20931635334985382 0.011785755184337606 0.18037553328058775 0.8633638439437976 0.28789181321890256 5 2 2 5 2 2 1 3 1 1 1 1  
0.5350766817531486 0.39254813364381747 0.11928687851030492 0.43938350634108114 0.380957950952133 0.5236085231011791 0.7963056780354976 0.25091673195287767 0.4158406295142879 0.5376191931073682 0.8669435279236297 0.08930072872694783 5 2 2 5 2 2 2 3 1 1 1 1  
0.5350766817531486 0.39254813364381747 0.11928687851030492 0.43938350634108114 0.380957950952133 0.5236085231011791 0.7963056780354976 0.25091673195287767 0.4158406295142879 0.5376191931073682 0.8669435279236297 0.08930072872694783 5 2 2 5 2 2 2 3 1 1 1 1  
0.5350766817531486 0.39254813364381747 0.11928687851030492 0.43938350634108114 0.380957950952133 0.5236085231011791 0.7963056780354976 0.25091673195287767 0.4158406295142879 0.5376191931073682 0.8669435279236297 0.08930072872694783 5 2 2 5 2 2 2 3 1 1 1 1  
0.5350766817531486 0.39254813364381747 0.11928687851030492 0.43938350634108114 0.380957950952133 0.5236085231011791 0.7963056780354976 0.25091673195287767 0.4158406295142879 0.5376191931073682 0.8669435279236297 0.08930072872694783 5 2 2 5 2 2 2 3 1 1 1 1  
0.5350766817531486 0.39254813364381747 0.11928687851030492 0.43938350634108114 0.380957950952133 0.5236085231011791 0.7963056780354976 0.25091673195287767 0.4158406295142879 0.5376191931073682 0.8669435279236297 0.08930072872694783 5 2 2 5 2 2 2 3 1 1 1 1  
0.763003759637855 0.2708794702917325 0.3583033208244445 0.8244707116219095 0.9744192680724428 0.5696050820602895 0.7182812469901431 0.17132198161381562 0.8066875201544941 0.3797572359409506 0.7021817494445853 0.28730989180358235 3 2 6 1 1 1 3 2 1 1 1 1  
0.056227860678326635 0.36677339480383286 0.9793328624977244 0.24450238053090784 0.18121494172785207 0.30632392426654004 0.9641903760364937 0.1768474613856698 0.17071603101463634 0.3023178188637104 0.5972120734569492 0.5179129041180919 5 4 2 3 3 1 2 5 1 1 1 1  
0.5856279327648755 0.8829286189009077 0.9732929168069149 0.8363826689986593 0.6624146641690145 0.05663252551608591 0.26980870598206574 0.9243053232568677 0.7810237881863508 0.29189822994986436 0.540382886660917 0.3393827483901928 7 5 2 1 2 5 3 1 1 1 1 1  
0.18294248697863613 0.048659571244808866 0.9806750996053301 0.8561355565542782 0.574338884100176 0.13283950996067975 0.8085671430501334 0.0035661371788816183 0.9905213645618521 0.9188778371325244 0.11926672825573217 0.5057226778262426 5 4 2 3 2 5 3 2 1 1 1 1  
0.8980081758604849 0.04464079303235757 0.8044727446700046 0.17359654473131184 0.3145988806723251 0.18939969846383709 0.07204225427763467 0.3105679893772795 0.0585520806230439 0.8643597628992101 0.6027758966092933 0.7284430917850867 5 4 2 3 2 2 4 5 1 1 1 1  
0.9020164856182981 0.08542942599012886 0.8078072958289679 0.8219650088449023 0.7137570298471132 0.6202404666981716 0.8293881279364799 0.6359170568263147 0.2770464452929257 0.8584371988466798 0.34862315131761423 0.40750664669103664 5 4 2 3 2 1 5 5 1 1 1 1  
0.8135643746888515 0.8539876472270731 0.5774845931619638 0.17846191160337646 0.6711583427868876 0.8996259906674174 0.6923091222000382 0.8695432712181472 0.0035816938395509673 0.14202816640139665 0.4357902952651121 0.823303322795916 5 4 2 3 2 1 2 5 1 1 1 1  
0.905786138465858 0.6879173469721674 0.8026470208550031 0.34355519073258134 0.7210934584788702 0.5633637830643091 0.5332967105104041 0.027817822577651585 0.9189570247807313 0.4664562624926103 0.9502888382954593 0.4115225141952322 5 4 2 3 3 3 2 2 1 1 1 1  
0.905786138465858 0.6879173469721674 0.8026470208550031 0.34355519073258134 0.7210934584788702 0.5633637830643091 0.5332967105104041 0.027817822577651585 0.9189570247807313 0.4664562624926103 0.9502888382954593 0.4115225141952322 5 4 2 3 3 3 2 2 1 1 1 1  
0.25820372592485286 0.6906865277640635 0.8068794150994381 0.348105440572683 0.7907392053482228 0.008187150092391904 0.532254794183704 0.6169355084228036 0.6155904909028832 0.09678575592927555 0.8186496059004345 0.9236923068962412 5 4 2 3 3 3 2 2 1 1 1 1  
0.3071327281618906 0.5937660366251395 0.7873268324600939 0.3447944886240784 0.7853335691297627 0.5586673967624454 0.5409266383183187 0.0364443785365574 0.855072186251662 0.3825475096999242 0.8183198560993095 0.9261689696223283 5 4 2 3 3 3 2 5 1 1 1 1  
0.3071327281618906 0.5937660366251395 0.7873268324600939 0.3447944886240784 0.7853335691297627 0.5586673967624454 0.5409266383183187 0.0364443785365574 0.855072186251662 0.3825475096999242 0.8183198560993095 0.9261689696223283 5 4 2 3 3 3 2 5 1 1 1 1  
0.15770396669839107 0.09358617054507612 0.5966718971697156 0.5714496843456031 0.1660476372487824 0.5301193062114804 0.002678090128750148 0.9733585426980624 0.039779126515178856 0.3115970407550376 0.5938281434647712 0.6335003542200499 5 2 4 7 2 3 5 2 1 1 0 1  
0.14791463402429017 0.5576328380478096 0.6979951113602656 0.523506140486371 0.16691831285184805 0.029951070767712834 0.0052884370805240475 0.9992998295487947 0.020761451415719688 0.6512086747563934 0.5280125931992398 0.6002999549167447 5 2 2 5 2 3 5 3 1 1 1 1  
0.6081295955583441 0.7944894542730722 0.5286943121641773 0.6863688849348808 0.8136358142171464 0.6394213417180931 0.21744727713637552 0.15022993307616475 0.8373410757869706 0.802999981785336 0.23812565004402408 0.19176978681753196 7 3 2 4 2 3 1 3 1 1 1 0  
0.6890889943894638 0.8880322997614704 0.45209567285588725 0.741703825663016 0.8540638956205491 0.5897582079371837 0.3671569120365036 0.10456809448978284 0.9163066852090769 0.6797003239975706 0.0799398163439796 0.18274154960323177 5 6 2 1 2 5 4 3 1 1 1 1  
0.49191841184697804 0.5783776315738575 0.9560681636167844 0.5827329225422876 0.6577272707241846 0.9794455534725071 0.4221414896073276 0.09431239240683917 0.09334331378247537 0.8992843771461185 0.7794744111253958 0.0410771404990036 5 4 7 1 2 1 4 3 1 1 1 1  
0.5801415115670031 0.6632066450969992 0.9695945318063974 0.5062388659487592 0.07853063572660843 0.9701916626120454 0.11864954695548083 0.359675397694881 0.006303103815725436 0.9782976477171822 0.7412836876773784 0.08456806259967875 5 4 7 1 2 1 3 3 1 1 1 1  
0.5801415115670031 0.6632066450969992 0.9695945318063974 0.5062388659487592 0.07853063572660843 0.9701916626120454 0.11864954695548083 0.359675397694881 0.006303103815725436 0.9782976477171822 0.7412836876773784 0.08456806259967875 5 4 7 1 2 1 3 3 1 1 1 1  
0.38613533881741163 0.6423554828464609 0.19663537947586635 0.9775945998028049 0.1611333042273605 0.8605476788641067 0.019098834649848052 0.08118904276936256 0.2079758724936053 0.8579517896244266 0.11483343640094108 0.12543928705952845 5 4 3 1 3 1 4 3 1 1 1 1  
0.38613533881741163 0.6423554828464609 0.19663537947586635 0.9775945998028049 0.1611333042273605 0.8605476788641067 0.019098834649848052 0.08118904276936256 0.2079758724936053 0.8579517896244266 0.11483343640094108 0.12543928705952845 5 4 3 1 3 1 4 3 1 1 1 1  
1.632370147600093E-4 0.9864396602978108 0.19411122515836204 0.9586864684721592 0.9256030804983177 0.925658944496803 0.097489818975409 0.7276680734938248 0.5507421693528667 0.9902457998914485 0.5425666394421037 0.04934719072982395 5 2 6 3 3 1 4 5 1 1 1 1  
0.5914969113760205 0.07556838755833462 0.9789503411205132 0.614657369826983 0.6318648387754103 0.8127197984266656 0.10511414694461803 0.27136556870862294 0.49189445425834 0.34498837367097224 0.00519589146358751 0.03358440684206035 5 2 6 1 2 6 1 5 1 1 1 1  
0.5914969113760205 0.07556838755833462 0.9789503411205132 0.614657369826983 0.6318648387754103 0.8127197984266656 0.10511414694461803 0.27136556870862294 0.49189445425834 0.34498837367097224 0.00519589146358751 0.03358440684206035 5 2 6 1 2 6 1 5 1 1 1 1  
0.6637323335992233 0.49178096190386494 0.8995475390613431 0.9434274353642236 0.28989264356584676 0.007034284875400535 3.94895093596595E-4 0.7822770363955833 0.0036725736878745613 0.26064258180908983 0.6480554699094486 0.8714676207339378 5 6 4 7 2 1 1 1 1 1 0 1  
0.6934491538134535 0.8393684289894421 0.5145413753786391 0.6686027008159734 0.4158934077561853 0.002432134142653129 3.513067967987278E-5 0.6634681090824914 4.843490922642362E-6 0.45392034838114553 0.9445929214631671 0.6254015796832422 5 4 4 7 2 1 1 1 1 1 0 1  
0.17426146606616547 0.05085524739907876 0.15740241514517128 0.7057584899154344 0.49621965549918146 0.21689438429814495 0.20181314044825077 0.5169227887802927 0.46450954698231217 0.7563287135586962 0.2112224303591825 0.04929948207722102 7 7 2 3 2 6 2 1 1 1 1 1  
0.8520726680837636 0.24631026200726092 0.7229232672475329 0.09048763663535608 0.584113096039597 0.10578204639143529 0.9194969078797205 0.8975480806540088 0.24300379749731782 0.4985088876054653 0.5569869184303117 0.8076002029870617 5 2 6 1 2 2 4 5 1 1 1 1  
0.9948071809685032 0.7396575103105061 0.8175977417306528 0.3350266233835416 0.8107436469216983 0.9454382384446122 0.4121226851079869 0.026731475718908992 0.8816794762459231 0.9894155020706195 4.407087914654398E-6 2.529498789142614E-5 5 7 2 7 3 6 1 4 1 1 1 0  
0.9948071809685032 0.7396575103105061 0.8175977417306528 0.3350266233835416 0.8107436469216983 0.9454382384446122 0.4121226851079869 0.026731475718908992 0.8816794762459231 0.9894155020706195 4.407087914654398E-6 2.529498789142614E-5 5 7 2 7 3 6 1 4 1 1 1 0  
0.9948071809685032 0.7396575103105061 0.8234023426305118 0.3350247246653436 0.8107785050618521 0.9454382384446122 0.4121226851079869 0.026731475718908992 0.8816794762459231 0.9845967694466466 4.407087914654398E-6 2.529498789142614E-5 5 7 2 7 3 6 1 4 1 1 1 0  
0.9957455268474903 0.4502691502910505 0.8084947051075153 0.3218860662087675 0.8108800143527429 0.9457497877429026 0.5149761122129012 0.026731475718908992 0.8816794762459231 0.9987710055699638 4.407087914654398E-6 2.529498789142614E-5 5 7 2 7 3 6 1 4 1 1 1 0  
0.9957455268474903 0.4502691502910505 0.8084947051075153 0.3218860662087675 0.8108800143527429 0.9457497877429026 0.5149761122129012 0.026731475718908992 0.8816794762459231 0.9987710055699638 4.407087914654398E-6 2.529498789142614E-5 5 7 2 7 3 6 1 4 1 1 1 0  
0.9945838473156223 0.4272132237168377 0.7875891416123808 0.28175277802762516 0.8129812621170986 0.9537453229511412 0.3938405094294134 0.019443980830795887 0.8827104983101829 0.9764203407401606 4.407087914654398E-6 2.390338408366985E-6 5 7 2 7 3 6 1 4 1 1 1 0  
0.986179838127478 0.04742789030983513 0.7869697917141415 0.31040764847287866 0.8638204799392777 0.9469688699694384 0.3643033610391467 0.8830943088569967 0.08332518728030969 0.985456111409741 1.9385977037170501E-4 1.5499655477251018E-5 5 2 6 7 2 5 4 1 1 1 1 0  
0.965305208540906 0.03283083052833674 0.993571008540573 0.7685737025800488 0.9160164263925303 0.08014501722703693 0.3428787082945789 0.5424863952969156 0.15112271564162577 0.9726443465691679 0.9667797688896492 2.884161728271273E-6 5 2 6 1 2 5 4 4 1 1 1 1  
0.2892397565559175 0.09510932481590295 0.8799941158490979 0.9615847238851585 0.2974830453700688 0.3571287385184911 0.04408914081731869 0.31798533424281966 0.2508653922183974 0.8617910569875558 0.5471590290418108 0.3818429871226695 5 4 3 5 1 6 6 3 1 1 1 1  
0.2892397565559175 0.09510932481590295 0.8799941158490979 0.9615847238851585 0.2974830453700688 0.3571287385184911 0.04408914081731869 0.31798533424281966 0.2508653922183974 0.8617910569875558 0.5471590290418108 0.3818429871226695 5 4 3 5 1 6 6 3 1 1 1 1  
0.1232767827363033 0.7781318806036409 0.051763237338726203 0.23231539338165852 0.07071567238601355 0.35393385814710865 0.9037644010951843 0.47476355798275255 0.7210748713671596 0.8951514958776255 1.4559372179462305E-5 2.556636159280025E-5 3 6 2 6 1 6 4 6 1 1 1 0  
0.14828680908630198 0.7810790748702817 0.4115056886432329 0.6529400455637915 0.2960049778136314 0.5046937036987286 0.9905321411418293 0.7592298586705555 0.02005450856671609 0.8069135356919204 0.29210471058859705 0.6988979685989429 5 6 2 5 2 4 6 1 1 1 1 1  
0.1435952986632889 0.8537612677906894 0.4082898289139213 0.44958026623061015 0.5493177444417624 0.38178578062007296 0.07891299491501425 0.16071881756763834 0.9843441827731017 0.8023139099888872 0.9457023122682452 0.7029435490154351 7 4 2 5 2 3 5 1 1 1 1 1  
0.9779430576028798 0.6549980906261793 0.3276959891029774 0.44918067933171146 0.529974748170506 0.3749501629597525 0.20297077230108113 0.8976717985776845 0.1861496878482658 0.8110083444776417 0.9574561959974719 0.914338969197052 5 4 2 5 2 3 5 1 1 1 1 1  
0.9779430576028798 0.6549980906261793 0.3276959891029774 0.44918067933171146 0.529974748170506 0.3749501629597525 0.20297077230108113 0.8976717985776845 0.1861496878482658 0.8110083444776417 0.9574561959974719 0.914338969197052 5 4 2 5 2 3 5 1 1 1 1 1  
0.9375690742660235 0.491852168132346 0.6172352870006801 0.27271802453471616 0.12871497230561088 0.34330730735491377 0.8188209017027313 0.6791561247362874 0.817683102436163 0.31070134788596104 0.9649107734482258 0.4296282612932536 5 4 2 5 2 3 5 1 1 1 1 1  
0.9720751025017207 0.6644179176108521 0.6184454533816659 0.30665735603039496 0.5510122932231393 0.33913382433132505 0.1838903303917297 0.8719923511996792 0.1345434625233155 0.31758428893492574 0.2862583436007172 0.39597765920646383 5 4 2 5 2 3 5 1 1 1 1 1  
0.18128249026422671 0.8631904115186707 0.020934604801400192 0.23671483246402247 0.6722995961550418 0.5877766284408109 0.5076872216693099 0.673203598012835 0.7067364238157264 0.5190144518285089 0.7266686995443031 0.3690751862409496 5 4 2 5 3 3 3 2 1 1 1 1  
0.3043473499673511 0.849187325924505 0.6014249083347293 0.07040169995845119 0.7486137373991271 0.8949170421364946 0.2753262353355206 0.5860596820121633 0.7907276307901213 0.15420535335845487 0.7238122269257057 0.40545212527491914 5 4 2 5 3 2 6 2 1 1 1 1  
0.2812680964681103 0.9486834152406213 0.09577785472258585 0.9286735514543571 0.7420088630213865 0.45315666772815144 0.7562070289773805 0.7134286938041027 0.8205498140251505 0.6648078307043194 0.7010366434498376 0.4094281764788163 5 4 2 5 3 6 2 3 1 1 1 1  
0.9657843352641977 0.8457029382246898 0.640273124664766 0.6227547533624551 0.02046688642005108 0.9901078741839191 0.48979140843171465 0.4643093698302246 0.35239070182859833 0.33749696111506533 0.44228971973503295 0.20400311042272104 5 6 2 3 1 3 6 5 1 1 1 1  
0.8842719859212944 0.8433222627913336 0.6257276609613643 0.8698331977170284 0.03409622632707315 0.40049253478641467 0.9760700918607256 0.6976115478527632 0.6328533864066639 0.9763951331986538 0.43985014882910967 0.21219796801856317 5 6 2 3 1 3 6 5 1 1 1 1  
0.4061147701946404 0.1436143545455848 0.6592543075665225 0.016793814345356105 0.871106651755591 0.7463151479403259 0.6711505987170567 0.13926774015888388 0.7296852916132563 0.5887601371537301 0.03582626543090934 0.21529752656178575 7 1 3 6 2 6 3 5 1 0 1 0  
0.4061147701946404 0.1436143545455848 0.6592543075665225 0.016793814345356105 0.871106651755591 0.7463151479403259 0.6711505987170567 0.13926774015888388 0.7421345052697955 0.5887926102023981 0.03582626543090934 0.21529752656178575 7 1 3 6 2 6 3 5 1 0 1 0  
0.7832538777004754 0.6065220984558949 0.9401230208616568 0.693639381820367 0.14640511565838077 0.16450856757650034 0.5381533684234466 0.22060172912287296 0.09639833037147602 0.673674378028954 0.8215473421389036 0.48248133789205444 5 4 2 3 1 1 2 6 1 1 1 1  
0.03088685091600023 0.5292496529879053 0.4411607986821637 0.14482531456924772 0.7422884428536842 0.20818712985557355 0.5570679137035767 0.8903937971299705 0.37710322454994727 0.790062070731752 0.0495519742441832 0.726162890392635 5 4 2 3 1 1 5 2 1 1 1 1  
0.06722598578367041 0.963090921599959 0.40948993148566504 0.6540283986933161 0.5630366774574154 0.2292116462293681 0.5758265672711961 0.8805879135986932 0.7823622962121846 0.7797968263380166 0.01954224933402396 0.419560825204653 5 4 2 3 1 1 5 2 1 1 1 1  
0.03088685091600023 0.5292496529879053 0.4411607986821637 0.14482531456924772 0.7422884428536842 0.20818712985557355 0.5570679137035767 0.8903937971299705 0.37710322454994727 0.790062070731752 0.0495519742441832 0.726162890392635 5 4 2 3 1 1 5 2 1 1 1 1  
0.06722598578367041 0.2907680383831672 0.2705710799145298 0.7020681847229304 0.894421744351772 0.2292116462293681 0.9415888741054399 0.8657548731905678 0.7829358529363962 0.8563800145353933 0.03263445593590514 0.1395903117215387 7 2 2 3 1 1 5 2 1 1 1 1  
0.22181743873017096 0.32466122906206085 0.40427592853859984 0.7033148674995594 0.7509379360520805 0.3155826961486358 0.7109962440064184 0.04874902073360453 0.7718548776792116 0.6795744802502685 0.6670571967266886 0.7076956333504278 5 2 2 3 2 4 5 2 1 1 1 1  
0.22154448975803853 0.3260021888426412 0.7143079354746568 0.6133840076419717 0.2768406996162139 0.5314357245368543 0.4694438587788679 0.0462176703637836 0.3634857768701164 0.4452872745263413 0.6449176058126842 0.16078344218430846 5 2 2 3 2 4 5 5 1 1 1 1  
0.22154448975803853 0.3260021888426412 0.7143079354746568 0.6133840076419717 0.2768406996162139 0.5314357245368543 0.4694438587788679 0.0462176703637836 0.3634857768701164 0.4452872745263413 0.6449176058126842 0.16078344218430846 5 2 2 3 2 4 5 5 1 1 1 1  
0.7564685194958979 0.47095124981986236 0.9515039198948279 0.2650985450125775 0.435093684830008 0.8299522114371928 0.09502820120531535 0.44402893769182405 0.7055861033328117 0.5735442465323971 0.8128747193931056 0.5336146345450871 5 2 6 3 3 2 1 5 1 1 1 1  
0.5390941619244496 0.11620751968855236 0.9600072314798781 0.5635530857187491 0.5072365559056342 0.8451037585388713 0.08506059161456267 0.544468251080686 0.8135344811219594 0.8190352780999349 0.9564101822605833 0.07652181427549404 5 2 6 1 3 2 1 5 1 1 1 1  
0.9958037030604576 0.9967309036481098 0.8268935331676803 0.4402914832082557 0.9603971164758862 0.8118846587308812 0.39898440729268864 0.8946031070202104 0.2558920188318693 0.2727563145261065 0.5171000788000096 0.6823961320517965 7 4 2 5 2 4 5 3 1 1 1 1  
0.7019805728854204 0.7247768801907722 0.29474532583977436 0.20595832188595442 0.9855639673614259 0.48837504925566494 0.8425809817157336 0.8935766361657855 0.343503716576496 0.3002713294128167 0.08381507277107031 0.06705916684252144 5 4 2 3 2 4 3 2 1 1 1 1  
0.7763522721339137 0.30202766341497356 0.9960891220220252 0.24583670132251206 0.9834309318685769 0.47091710689210775 0.8426175031123702 0.9269390150503971 0.34550943764989706 0.1936691195770811 0.061012005063754884 0.004136895957522868 5 4 2 3 3 3 4 5 1 1 1 1  
0.7748185846065039 0.30912650119136015 0.7756680690841702 0.6295019991600284 0.8150972330039751 0.3738007310684732 0.8412624433808124 0.9105541400949769 0.16380005004045262 0.4362891446633527 0.40302931462730535 0.9309871201163716 5 4 2 3 3 3 1 5 1 1 1 1  
0.8392588549851293 0.3017110490483406 0.76961907008183 0.5259274699948404 0.7145862484744915 0.3738007310684732 0.8412624433808124 0.8834301473062559 0.16380005004045262 0.4362891446633527 0.40302931462730535 0.9404840726116789 5 4 2 3 3 3 2 5 1 1 1 1  
0.6870416359253638 0.2992344190565792 0.6142334130647479 0.24456860607061148 0.17860428974891895 0.5456263240010581 0.8312855478876515 0.21992954423903538 0.8144566495021914 0.04419343786854629 0.7964343732073105 0.9429754252548885 5 2 2 3 3 3 2 5 1 1 1 1  
0.9132065724071614 0.3016294064935804 0.01788727932295292 0.24709398783384756 0.7301598062253176 0.3738007310684732 0.8407312894865011 0.8738004427683169 0.16380005004045262 0.029510243072676995 0.7976216677070498 0.9395718282771625 5 2 2 3 3 3 2 5 1 1 1 1  
0.9132065724071614 0.3016294064935804 0.01788727932295292 0.24709398783384756 0.7301598062253176 0.3738007310684732 0.8407312894865011 0.8738004427683169 0.16380005004045262 0.029510243072676995 0.7976216677070498 0.9395718282771625 5 2 2 3 3 3 2 5 1 1 1 1  
0.9132065724071614 0.3016294064935804 0.01788727932295292 0.24709398783384756 0.7301598062253176 0.3738007310684732 0.8407312894865011 0.8738004427683169 0.16380005004045262 0.029510243072676995 0.7976216677070498 0.9395718282771625 5 2 2 3 3 3 2 5 1 1 1 1  
0.7164256690898996 0.3059524426818541 0.2862033675991058 0.32237310481630055 0.07824044414164771 0.42821810909947966 0.12494870733317864 0.21713170701721884 0.8489295570109322 0.16576605630623648 0.7875289977182599 0.9573417878576103 5 4 2 3 3 3 2 5 1 1 1 1  
0.7625058876234749 0.9490429803703084 0.43420544236363334 0.9876338716609954 0.8545979023758751 0.7541198371089266 0.6370336976969155 0.5023196136293893 0.9188308566926878 0.3486579838983354 0.3275199861032708 0.33206378025476724 5 7 2 3 2 6 5 2 1 1 1 1  
0.08937168275906882 0.6997666606020866 0.5408675544591933 0.06862193912917572 0.9341257648494748 0.23280126602146348 0.8801739559062132 0.056509696860503056 0.8382127830326294 0.444071232358859 0.9879110657765267 0.29487043736936747 5 6 2 3 3 6 5 2 1 1 1 1  
0.7664424557245274 0.5207218237178929 0.5735723035500072 0.7213109638725254 0.7427159027388899 0.30511011251708825 0.01737297878404879 0.46562258686146035 0.3129929150988503 0.6511444948431367 0.6779378301856298 0.9400454459143464 7 2 2 3 2 6 3 2 1 1 1 1  
0.15116449293019638 0.38456279522001846 0.4781973086654145 0.9253035957789719 0.059948706024699705 0.40738139435625975 0.623857025513449 0.1586422650314513 0.43561312956312714 0.5358144348400529 0.523219936882815 0.9999174627950713 5 2 2 3 2 6 3 2 1 1 1 1  
0.7945758897990625 0.2297593011765442 0.8688433666652289 0.3449565007903834 0.18319541735751732 0.395831049612839 0.9410896572033582 0.4048313450569857 0.5526267299408641 0.6437353469628169 0.6733944020741902 0.3076948105056321 5 4 7 5 2 3 3 2 1 1 1 1  
0.7945758897990625 0.2297593011765442 0.8688433666652289 0.3449565007903834 0.18319541735751732 0.395831049612839 0.9410896572033582 0.4048313450569857 0.5526267299408641 0.6437353469628169 0.6733944020741902 0.3076948105056321 5 4 7 5 2 3 3 2 1 1 1 1  
0.6048540436787246 0.22976487977748014 0.8685018592851953 0.8296781158133488 0.10025570719759308 0.43141614629185426 0.9410896572033582 0.447732158840459 0.11422916941449249 0.6462171865192554 0.6605780015026691 0.755299306645274 5 4 7 3 2 3 3 2 1 1 1 1  
0.8118148946721631 0.3940668354881833 0.8258555469490736 0.8294447639576976 0.10052725444046295 0.39895303200522503 0.3749361912464476 0.47136914629902493 0.5472768002303847 0.9396141210408028 0.8768196904925638 0.9515297498435313 5 2 7 1 3 1 3 2 1 1 1 1  
0.8217357878891636 0.5319731081215006 0.8585583771578191 0.8015988346853286 0.1982122046638416 0.3977583049858817 0.38274079255012006 0.4083894060395822 0.7991219339831268 0.8870553237293869 0.8768196904925638 0.05310685252953595 5 2 7 1 3 1 3 5 1 1 1 1  
0.8217357878891636 0.5319731081215006 0.8585583771578191 0.8015988346853286 0.1982122046638416 0.3977583049858817 0.38274079255012006 0.4083894060395822 0.7991219339831268 0.8870553237293869 0.8768196904925638 0.05310685252953595 5 2 7 1 3 1 3 5 1 1 1 1  
0.8217357878891636 0.5319731081215006 0.8585583771578191 0.8015988346853286 0.1982122046638416 0.3977583049858817 0.38274079255012006 0.4083894060395822 0.7991219339831268 0.8870553237293869 0.8768196904925638 0.05310685252953595 5 2 7 1 3 1 3 5 1 1 1 1  
0.8217357878891636 0.5319731081215006 0.8585583771578191 0.8015988346853286 0.1982122046638416 0.3977583049858817 0.38274079255012006 0.4083894060395822 0.7991219339831268 0.8870553237293869 0.8768196904925638 0.05310685252953595 5 2 7 1 3 1 3 5 1 1 1 1  
0.38102259199198996 0.2622120942647337 0.8790448766360361 0.9822824848777818 0.8347395619091034 0.19536437218941421 0.1793275952391847 0.5724548774964835 0.6298944541006468 0.3025952761759667 0.8707949994156156 0.12667710394223058 5 4 6 1 3 3 4 3 1 1 1 1  
0.3891935590226965 0.20806445687658937 0.4508113182912687 0.8956017720779116 0.12190525181544423 0.8273404372702101 0.7060859859459364 0.6462565125839629 0.5848580850766057 0.5899315197500784 0.8764759125310249 0.20633574810823135 5 4 6 1 3 3 1 1 1 1 1 1  
0.49214886717828027 0.1942368764554379 0.011669946605491865 0.47881048301713336 0.05668981554318099 0.09663562185415045 0.8359208246256044 0.10408857902889039 0.31744493361836523 0.8857387710437409 0.7390448113782104 0.9737176105962654 7 2 2 5 2 2 6 3 1 1 1 1  
0.5019865974483875 0.22523156270159903 0.6663685858856971 0.34764817712873264 0.08573406765468741 0.10922839972799978 0.1590491285915301 0.5693253482483585 0.3548536644757675 0.8856785843393138 0.5134373851432588 0.9576711938423448 5 2 2 5 2 2 6 3 1 1 1 1  
0.6522121372066815 0.15552030773749762 0.7626935867390856 0.07802876975649187 0.2053621617097739 0.3362818512021705 0.11304769939676755 0.10470698773699857 0.21985513118235125 0.11450379267900768 0.14500884245657503 0.7983204686975022 5 4 2 7 2 6 1 2 1 1 1 1  
0.33124433430678235 0.4337176429125294 0.7378047176292243 0.6026730666961396 0.7981253350325945 0.35360933954419194 0.07750442230791116 0.38343908667801735 0.5005666104573642 0.10916528041668283 0.13336275198444836 0.09712295845373112 5 2 2 7 2 6 1 2 1 1 1 1  
0.33124433430678235 0.4337176429125294 0.7378047176292243 0.6026730666961396 0.7981253350325945 0.35360933954419194 0.07750442230791116 0.38343908667801735 0.5005666104573642 0.10916528041668283 0.13336275198444836 0.09712295845373112 5 2 2 7 2 6 1 2 1 1 1 1  
0.18176203184969325 0.6273947531791262 0.537665461462862 0.2981469423408654 0.9597417513080608 0.364492693904342 0.6233860592400848 0.4639479525301583 0.297955238466178 0.9075219994286738 0.10554821606511612 0.9996620352452141 5 2 2 3 2 6 6 2 1 1 1 1  
0.4122155333537349 0.6417958267623879 0.5508348358868126 0.3955081611735193 0.9692419407160785 0.615752498109181 0.6314725669992551 0.22793492010916236 0.3830313257745859 0.6723925639173169 0.10913287610984854 0.6724029787921897 5 2 2 3 2 6 5 2 1 1 1 1  
0.4080249305058652 0.9956785707609919 0.4973519113091087 0.7416834903340404 0.3548434869262088 0.08648660323103302 0.2101468709163877 0.4533493416861818 0.2901321096565728 0.7603189730268296 0.26595760888608616 0.7271287853563525 5 2 2 3 3 6 5 2 1 1 1 1  
0.8934373954860411 0.7304082079402746 0.7966668455923396 0.6738107671617917 0.8865770725719372 0.5311070937225906 0.35462919197291454 0.37538013509813994 0.20004988428050277 0.6736288040345594 0.10646054792324175 0.3258038767406633 5 2 2 3 3 6 5 5 1 1 1 1  
0.8934373954860411 0.7304082079402746 0.7966668455923396 0.6738107671617917 0.8865770725719372 0.5311070937225906 0.35462919197291454 0.37538013509813994 0.20004988428050277 0.6736288040345594 0.10646054792324175 0.3258038767406633 5 2 2 3 3 6 5 5 1 1 1 1  
0.3618288983347131 0.8008113265333545 0.045743281353150644 0.10081168789968087 0.23024179267512662 0.885408711705252 0.6568666073088064 0.23069626358542258 0.668011540885416 0.9991160347991122 0.06606730439917974 0.09065812470397488 5 2 2 5 2 2 6 1 1 1 1 1  
0.5015595891480618 0.815893186519218 0.9603055158193277 0.4045275258025623 0.28566323731931226 0.6372402284939217 0.669372232700029 0.3346349756979418 0.0752527099580947 0.404748895014212 0.6863726754417517 0.08171054508916807 5 2 2 5 2 2 6 3 1 1 1 1  
0.49283083331546973 0.33763932222895776 0.0059776245360828595 0.3362301581671904 0.9923858387955036 0.5933099915945064 0.7301411181849607 0.7066042673691113 0.3908512851092261 0.4686294936480389 0.4938021610538406 0.11114883242379789 7 2 2 7 2 4 3 1 1 1 1 1  
0.49283083331546973 0.33763932222895776 0.0059776245360828595 0.3362301581671904 0.9923858387955036 0.5933099915945064 0.7301411181849607 0.7066042673691113 0.3908512851092261 0.4686294936480389 0.4938021610538406 0.11114883242379789 7 2 2 7 2 4 3 1 1 1 1 1  
0.026265971579478842 0.39143053274682454 0.09575522647194748 0.126076647184647 0.2923026119927784 0.41694589605232407 0.4469593369755758 0.8616514385083345 0.7022844263189804 0.4383327208553798 0.010520662038277728 0.03492666829225255 5 4 7 4 2 1 3 1 1 1 1 0  
0.8167328332296058 0.3616295907172448 0.21273438393388355 0.8873593607500164 0.0402021305596289 0.9749245544025246 0.2841025303872886 0.2765991274850464 0.5261903039785669 0.5603273474265962 0.3875698018155555 0.035087626180274695 5 4 7 5 2 1 3 1 1 1 1 1  
0.8167328332296058 0.3616295907172448 0.21273438393388355 0.8873593607500164 0.0402021305596289 0.9749245544025246 0.2841025303872886 0.2765991274850464 0.5261903039785669 0.5603273474265962 0.3875698018155555 0.035087626180274695 5 4 7 5 2 1 3 1 1 1 1 1  
0.7893112234999606 0.3560230061207204 0.2043463029633019 0.9476770170616456 0.024103013664046845 0.9116738879748122 0.6504528062303464 0.4252703201690585 0.7270167550470775 0.9440529629990061 0.8130510678649664 0.7239152392260316 5 4 7 5 2 1 3 1 1 1 1 1  
0.7893112234999606 0.3560230061207204 0.2043463029633019 0.9476770170616456 0.024103013664046845 0.9116738879748122 0.6504528062303464 0.4252703201690585 0.7270167550470775 0.9440529629990061 0.8130510678649664 0.7239152392260316 5 4 7 3 2 1 3 1 1 1 1 1  
0.7893112234999606 0.3560230061207204 0.2043463029633019 0.9476770170616456 0.024103013664046845 0.9116738879748122 0.6504528062303464 0.4252703201690585 0.7270167550470775 0.9440529629990061 0.8130510678649664 0.7239152392260316 5 4 7 3 2 1 3 1 1 1 1 1  
0.07386698147372568 0.39580891191928264 0.4623761946074977 0.4412488012544408 0.964330826344648 0.962031479802534 0.21906372628167625 0.4169968149435407 0.5608880131100755 0.560355422766457 0.3808363086736172 0.7703884293419522 5 4 3 1 2 3 6 1 1 1 1 1  
0.5066899519594619 0.3981325285603686 0.18224477134250383 0.4517983330933073 0.9529338093134204 0.956436134362286 0.8219010997228275 0.4165249073522326 0.0052730840359564435 0.2526578414416204 0.935681608935191 0.7703884293419522 5 4 3 1 2 3 6 5 1 1 1 1  
0.1880196931604606 0.7580130324614583 0.06471961382003878 0.5317607295489934 0.3299320026965656 0.8395544350216794 0.43326526210724664 0.18034689972666787 0.5287888442561525 0.6707750789418491 0.5864853871304081 0.006089149252837942 5 7 3 7 2 6 4 1 1 1 1 1  
0.14362031462092664 0.6829924688557625 0.4874929855466898 0.6442072329554829 0.2544008493493654 0.28270368217657527 0.5983174026394903 0.6163915754647992 0.5291938997363205 0.28479921306491035 0.8723193865532597 0.7779924737768023 5 6 2 7 2 6 1 1 1 1 1 1  
0.4108233495085949 0.7968901325870535 0.34064205429554767 0.43736595625347874 0.3762525768602191 0.22109003014953788 0.14851887742539036 0.635376302704936 0.7568068447346541 0.5166527473348461 0.5577785343067275 0.7781180752542901 7 2 7 1 2 6 4 3 1 1 1 1  
0.38938549101538467 0.7968027879597385 0.40673144144825 0.6973272746355907 0.9316866181241684 0.4304851237270505 0.004958600099914695 0.5590167557135111 0.9267454684122065 0.6924564040558818 0.5556614141450705 0.7739861188063094 5 2 7 1 2 6 4 3 1 1 1 1  
0.38938549101538467 0.7968027879597385 0.13857314718616726 0.6973272746355907 0.9223819409065065 0.4297148886489066 0.004958600099914695 0.7647053882996745 0.9267454684122065 0.7588515538764973 0.5556614141450705 0.8970083677024995 5 6 2 1 2 6 4 3 1 1 1 1  
0.26138971844335646 0.021751344650937296 0.0019646258601512595 0.9909828276184391 0.8151611110662966 0.06381661540648256 0.3696035962504655 0.12677263153451152 0.3263986107669942 9.74260269627554E-4 0.5674674724666782 0.66723914897975 5 4 2 5 3 5 4 3 1 1 1 1  
0.10181108514986487 0.02790242065237608 0.8398603978679174 0.4649190982792005 0.44995236004878325 0.3941793991831546 0.17070460791299824 0.11293966015064866 0.6798754144254691 0.8886243534722414 0.3831528395678993 0.992480844767937 5 4 2 5 3 4 5 2 1 1 1 1  
0.5980895570616618 0.34028060370940505 0.46202772585791 0.16051447151217885 0.38101604731585226 0.8391745951345018 0.8883257392494267 0.6670646549083661 0.4441511174631633 0.08863613431252138 0.0735023508981057 0.7645210242296683 5 4 2 3 3 4 5 2 1 1 1 1  
0.3696005169911871 0.4265100069172578 0.8753502112146635 0.03977551450096489 0.2820204324298004 0.6711867621204796 0.409893152197691 0.518001911510825 0.41092572830319446 0.8497694328638201 0.25620543994925143 0.6754947208246433 5 2 2 7 1 1 1 2 1 1 1 1  
0.5938271917979616 0.6713810998517468 0.8613056525077494 0.5700225369080185 0.22843933215764373 0.14671506361010972 0.38584628505202656 0.9530820293949473 0.07820733808437519 0.4303392937159215 0.7507780272478161 0.819927975302916 5 2 2 7 3 1 1 2 1 1 1 1  
0.5963790669047434 0.19484103101510636 0.9770642365859313 0.5645991636283768 0.5586942737435212 0.14546564806466633 0.38372908604860223 0.8989848964128797 0.5466414332560713 0.46231221275350515 0.8774453508300921 0.7790445434937696 5 2 2 7 3 2 1 1 1 1 1 1  
0.5963790669047434 0.19484103101510636 0.9805284327347645 0.5645991636283768 0.5586942737435212 0.14546564806466633 0.38372908604860223 0.49650168412660334 0.5466414332560713 0.4712479635271074 0.8794069115658761 0.015368636835957517 5 2 2 7 3 2 1 1 1 1 1 1  
0.7105425302888376 0.9907016348546183 0.3118692080643407 0.021287394365110096 0.416107444631828 0.651441937979476 0.09323879401868518 0.10913228630794264 0.6670252341765328 0.31748639088187725 0.09656158374421307 0.1918714695772865 5 4 2 3 3 5 6 5 1 1 1 1  
0.9573186706853619 0.4564577517293351 0.6583908128412969 0.04040338526006196 0.16659045044389098 0.9195801209451371 0.7087249165500448 0.17225118504652495 0.9404411212891258 0.33760000504677934 0.0946764596277373 0.1293227127934773 5 4 2 3 3 1 6 5 1 1 1 1  
0.941499769775186 0.49034378385894256 0.9221604728511996 0.9105517939375636 0.7395799824297871 0.19847525823145687 2.7562430000850445E-4 0.9376146832446813 1.8725248231699944E-4 0.5943171515325536 0.9631341608005702 0.6747254326523172 7 2 4 3 2 3 1 1 1 1 0 1  
0.941499769775186 0.49034378385894256 0.9221604728511996 0.9105517939375636 0.7395799824297871 0.19847525823145687 2.7562430000850445E-4 0.9376146832446813 1.8725248231699944E-4 0.5943171515325536 0.9631341608005702 0.6747254326523172 7 2 4 3 2 1 1 1 1 1 0 1  
0.93206413206928 0.34566974349184587 0.8680263131327429 0.8072390461949094 0.07912734640721945 0.8552698433150935 0.28472054512635664 0.9895962301211355 0.8196606211396231 0.2886692300625094 0.15701418710916804 0.7325946101293533 7 6 2 3 2 2 4 5 1 1 1 1  
0.3617275248418658 0.25269648626697366 0.6969260475638952 0.5873077693366976 0.1221843224963195 0.6093770165488961 0.4133215842323298 0.35359456248056903 0.9936675869724381 0.6375574402587093 0.3013493367183403 0.5418299909411528 5 2 2 3 2 2 2 5 1 1 1 1  
0.295185036584119 0.9124802490711952 0.35503622812776403 0.22525501463209968 0.06069781950550718 0.5844610458491128 0.6290419221132294 0.37537209940627725 0.2223347457557565 0.6088744064108577 0.5020928143566895 0.5071942070830382 5 2 2 3 3 5 5 5 1 1 1 1  
0.295185036584119 0.9124802490711952 0.35503622812776403 0.22525501463209968 0.06069781950550718 0.5844610458491128 0.6290419221132294 0.37537209940627725 0.2223347457557565 0.6088744064108577 0.5020928143566895 0.5071942070830382 5 2 2 3 3 5 5 5 1 1 1 1  
0.295185036584119 0.9124802490711952 0.35503622812776403 0.19751854746874614 0.06069781950550718 0.5844610458491128 0.6290419221132294 0.37537209940627725 0.13917705496382726 0.6088744064108577 0.5020928143566895 0.5071942070830382 5 2 2 3 3 5 5 5 1 1 1 1  
0.295185036584119 0.9124802490711952 0.35503622812776403 0.19751854746874614 0.06069781950550718 0.5844610458491128 0.6290419221132294 0.37537209940627725 0.13917705496382726 0.6088744064108577 0.5020928143566895 0.5071942070830382 5 2 2 3 3 5 5 5 1 1 1 1  
0.295185036584119 0.9124802490711952 0.35503622812776403 0.19751854746874614 0.06069781950550718 0.5844610458491128 0.6290419221132294 0.37537209940627725 0.13917705496382726 0.6088744064108577 0.5020928143566895 0.5071942070830382 5 2 2 3 3 5 5 5 1 1 1 1  
0.295185036584119 0.9124802490711952 0.35503622812776403 0.22525501463209968 0.06069781950550718 0.5844610458491128 0.6290419221132294 0.37537209940627725 0.2223347457557565 0.6088744064108577 0.5020928143566895 0.5071942070830382 5 2 2 3 3 5 5 5 1 1 1 1  
0.40966859243951476 0.6448670075384192 0.914468603789692 0.8517103007104283 0.5522507353737988 0.5003022713942193 0.4885975268356116 0.20598111270726113 0.5060654486708183 0.027968206004449082 0.7978342363366772 0.5305426861030238 5 2 3 1 3 6 6 3 1 1 1 1  
0.25974582261794177 0.8481867649565471 0.9227878131289321 0.8835508635035293 0.9121897718475542 0.42922119645034057 0.501915118894791 0.3400118746527204 0.43677308692748656 0.0763873056119126 0.6656893487467136 0.7994251393168597 5 2 3 1 3 1 6 3 1 1 1 1  
0.025278010663339012 0.4077434975184565 0.3674174245203133 0.319903052720973 0.17979632287876263 0.6026918098744654 0.20696375050544696 0.3597409714826203 0.4390779649173836 0.8617413523084329 0.6362520358714869 0.4859275815754902 3 7 7 3 5 4 3 1 1 1 1 1  
