0.001000027537484721 0.10004864126569171 0.07480413240482682 1  
0.001000014686376122 0.10000589492130024 0.1294174962496015 1  
0.0010000015708680786 0.10000096549362579 0.0953525459472053 1  
0.0010000000209680244 0.10006934078330024 0.07780941403902286 1  
0.001000001901319179 0.10001311542591085 0.10439803209569631 1  
0.0010000156222753959 0.10014541691330711 0.08388882865523144 1  
0.0010000008546404177 0.10005176826738743 0.08894732157824045 1  
0.0010000124333425825 0.10006689685785196 0.09353654108092474 1  
0.0010000001292928189 0.10000733351033968 0.09675026442784292 1  
0.0010000054692221952 0.10006944243634633 0.07974960388400679 1  
0.0010000207110283375 0.10006689685785196 0.09312385637543098 1  
0.0010000007076929314 0.10000130819301194 0.10317292766826602 1  
0.0010000039404258517 0.10006823228644299 0.08730740498195386 1  
0.0010000756525244585 0.10007082179676018 0.08085422196943681 1  
0.0010000018931866756 0.10001350068123413 0.11829686694931874 1  
0.0010000020743445661 0.10003479597198964 0.12649316119797782 1  
0.0010000069790592303 0.10008598605997561 0.11300079462870613 1  
0.0010000077244987204 0.10012081686753073 0.07634366404002155 1  
0.0010000209877775192 0.10002282399929967 0.1105079341907874 1  
0.0010000193048779 0.10000002736180243 0.11671630468872425 1  
0.0010000064998994147 0.10001129153583979 0.08536948041310878 1  
0.001000027537484721 0.10001108717302297 0.08155570330034335 1  
0.0010000211558259412 0.10011918238556462 0.11127710459601005 1  
0.0010000066148710596 0.10006823228644299 0.1195710672761306 1  
0.001000014931078025 0.10012081686753073 0.07634366404002155 1  
0.0010000066215233052 0.10002624553142328 0.0976214907401555 1  
0.0010000211021681067 0.10011918238556462 0.08241406759009759 1  
0.0010001624368074266 0.10011127577453666 0.08296789605407827 1  
0.001000001004904799 0.10003723194687246 0.08974145339154074 1  
0.0010000000098611883 0.10000075694176942 0.1241299706285544 1  
0.0010000000546175262 0.10005534388282034 0.09050813020752868 1  
0.0010000004131297524 0.10000731644370128 0.10190913784430322 1  
0.0010000449691760923 0.10001192888219668 0.10652775907909065 1  
0.0010000449691760923 0.10001192888219668 0.10652775907909065 1  
0.0010000077070689204 0.10006839509603789 0.08657680731627519 1  
0.0010000055157699532 0.10003750192010454 0.09131170992660623 1  
0.0010000066215233052 0.10002539485235727 0.11546857234839622 1  
0.0010000018656642232 0.10000096549362579 0.11286801618605605 1  
0.0010000054692221952 0.10003148244925102 0.07898945035823332 1  
0.0010000627836191263 0.10000027554113294 0.12180892988303611 1  
0.0010000074519105051 0.10004567669562363 0.09849099419250454 1  
0.001000000591715591 0.10002703740506583 0.09955820120711857 1  
0.0010000005875183018 0.10003424940128046 0.10126598770999035 1  
0.0010000055157699532 0.10003750192010454 0.09131170992660623 1  
0.001000000042192602 0.10005534388282034 0.1246664722886247 1  
0.001000027973240011 0.10001129153583979 0.08543251206432617 1  
0.0010000066215233052 0.1000206059548612 0.11546857234839622 1  
0.001000001004904799 0.10003116502389296 0.12837924666666503 1  
0.0010000004512904148 0.10004568784271442 0.10814563160294831 1  
0.0010000189954635144 0.10005605143190952 0.10873726751215215 1  
