0.5051318180093727 0.593479719446596 0.1697555516426047 0.0015537657409471837 0.37628112897214716 0.9918758408454175 0.3615765188426997 0.13826196391572843 0.41845108731242303 0.6979843937803237 0.29952235897989427 0.4870867376943455 7 1 2 3 2 5 3 2 1 0 1 1  
0.5421890775058695 0.41715350867659706 0.09442303862032037 0.6985596199962584 0.15949073672255343 0.7139146179655642 0.33441794926651397 0.8560162406598003 0.3771298245774088 0.9819721676415497 0.34992460127480274 0.10959558797220176 5 2 6 3 1 1 3 5 1 1 1 1  
0.3714617168391088 0.24457932936626214 0.061641819451251745 0.29579223021298084 0.21399446773634356 0.9054495191297641 0.1764248745742753 0.38249113162982906 0.23902537623196501 0.7746649873012894 0.5188536298505397 0.8554419926763708 7 3 3 3 2 3 3 1 1 1 1 1  
0.8765116774483818 0.6806195289908513 0.516046906954022 0.2796786836628064 0.5210729892847368 0.9452331982460531 0.47315314375418827 0.44242329695465066 0.5284050999651777 0.7088945342907746 0.5115064523189865 0.36818420746419067 3 2 2 5 1 1 3 2 1 1 1 1  
0.12902138564144136 0.8653887927103787 0.315164459040306 0.8063781796946239 0.7153176374685299 0.45865993947422146 0.003703674693090949 0.8891471833541637 0.6590187772815921 0.6972946561628349 0.07783570674364736 0.4588563418980919 5 6 2 4 2 5 6 3 1 1 1 0  
0.6734446227050741 0.7580338099943335 0.43250044899102935 0.10425632935977219 0.5494765165193282 0.5915045501037999 0.863529785870586 0.46530241441297227 0.10083646324672473 0.7853534979338741 0.4021219612937717 0.5059708175052856 7 2 6 7 2 5 1 1 1 1 1 1  
0.8132921903188973 0.6865169414622128 0.931847612091812 0.9123105384334007 0.5153491697043475 0.40988404865760775 0.4239572248614377 0.39828026028114605 0.11031006041105987 0.2498648071096759 0.341597944138995 0.31031475924062035 5 3 2 7 3 4 6 1 1 1 1 1  
0.4121646843084212 0.5135424143900909 0.017416168072443842 0.6969730895399984 0.5654529922402469 0.35900624962607963 0.6413628492816126 0.6487576986342499 0.1376142489112192 0.66186635150639 0.4156205926579968 0.8938894409806062 5 2 3 1 3 2 4 3 1 1 1 1  
0.827624031349447 0.24944540142986868 0.02229093863359858 0.3722813911559906 0.46387895658125217 0.44537547685903794 0.8198364212026905 0.7376663108546168 0.8317859919708532 0.9560270172305797 0.35564289481818795 0.556981179537803 5 2 3 1 2 2 3 5 1 1 1 1  
0.6568378199658383 0.3606829561274093 0.9845739365416218 0.4752650006644732 0.4071865539994871 0.629331939628735 0.49846800609037556 0.7974464409547352 0.03691849000889499 0.23815925997616363 0.12186001692634563 0.5678724668846041 5 4 2 5 3 2 2 3 1 1 1 1  
0.7533345741948921 0.39507994458634305 0.6354560528219313 0.0029033094197806197 0.37583675232671426 0.0326549490897333 0.3805723412016973 0.4443171680403248 0.556762583192311 0.7865928115778825 0.9054558961446308 0.6325748128001698 5 2 3 1 2 3 6 6 1 1 1 1  
0.22459572551854948 0.5435699487180119 0.07450182539803177 0.018732176593747818 0.41798352440589803 0.3878600306077249 0.045370295342962844 0.7814239273503086 0.002842685627753973 0.7093711255605889 0.7400454873136566 0.02720481947455225 7 2 2 3 2 2 2 2 1 1 1 1  
0.6312278990359049 0.3417904845874247 0.8372189740006046 0.9672192367304598 0.5495346828691506 0.41311171973792643 0.9733564305996382 0.8910415778671696 0.00396301011808016 0.03877532273178819 0.16438621487189198 0.3531913022301856 5 4 7 7 2 3 6 2 1 1 0 1  
0.48017892867884915 0.735990545114106 0.13927597201594344 0.9216305335115307 0.35313210869463924 0.7144918934243375 0.8465105398986408 0.19908255859385376 0.5688269009586041 0.8836743129485816 9.554195322322712E-7 1.3084299771155112E-4 5 6 2 2 2 2 6 6 1 1 1 0  
0.3098851066730086 0.33776319608393085 0.4752382940088028 0.3640536101634261 0.01168330587292099 0.6737854149704166 0.6514008376152599 0.8741946823102305 0.5358056571034789 0.6175606687050098 0.07926504346204535 0.6572568906283962 3 7 3 7 5 3 3 2 1 1 1 1  
0.7767903919613102 0.2476511048818181 0.38533004170413365 0.33099674178914124 0.17231915122949792 0.7220531997226789 0.2368215077750551 0.5704789129043879 0.6917559564662511 0.2132491192383371 0.5139854346121527 0.9935187532974749 3 2 3 1 5 1 6 4 1 1 1 1  
0.6157756827771618 0.9758142246858872 0.31330064792921547 0.8778809321129255 0.7175409518967469 0.5958603258318044 0.31010151499818756 0.14776263855557692 0.9517011563491087 0.558335646912396 0.7595760430743649 0.24134589960453257 5 4 6 1 3 2 4 3 1 1 1 1  
0.8685063408325499 0.009575842543334559 0.08583648030608762 0.9602215279359609 0.041460387843552826 0.44036496844749584 0.9008584304037842 0.9787056545263654 0.2438022826039461 0.25797941464634266 0.14736018760553282 0.670932906271809 5 4 2 5 2 2 6 2 1 1 1 1  
0.7479732692495069 0.5125320333207466 0.3478419777062548 0.005301906898376077 0.030325515285233917 0.9354187736323567 0.26120297861580505 0.23823419940793678 0.7185672726874865 0.40413664502167784 0.588252763487577 0.6722613199178711 3 1 3 3 5 2 6 5 1 0 1 1  
0.8074192244400007 0.03882575951063155 0.3999136443819228 0.5794566181655127 0.020678391212886477 0.6337002063328273 0.05691455979585597 0.9443360000217089 0.3956380034109997 0.22084833746070046 0.551808231062609 0.5622957046005778 5 4 2 3 2 1 2 1 1 1 1 1  
0.34785134917023264 0.6007647505078614 0.25994822645161475 0.5050964055381025 0.8331456921844428 0.8989759519390066 0.5751206779283639 0.4181114274997585 0.24839808781108638 0.5467600866884268 0.6917408727753948 0.33332979320500866 5 2 2 3 3 6 2 2 1 1 1 1  
0.7487550766211817 0.9416048137697335 0.5083985330604133 0.7467397917716474 0.6434456853545002 0.48999636160406224 0.9198580222204507 0.025621436774905804 0.8077395544060574 0.20775990558812518 0.5731366475819762 0.7911467631505495 3 4 2 3 5 4 5 5 1 1 1 1  
0.4930335963543342 0.4038982207128357 0.8397555225146415 0.08098926636671003 0.338548374152524 0.19167485518561564 0.6674044088633693 0.92969264058122 0.03648766756901972 0.7247350301159079 0.2649378127770752 0.6602107200467229 7 2 3 3 2 5 4 1 1 1 1 1  
0.16182628586990855 0.7320009642492417 0.7077379350813207 0.27843813010509844 0.16007513364836412 0.546135850080473 0.1565301874255906 0.6729684809522686 0.3400477574481104 0.3879417537491938 0.3092600047427443 0.7871582351705859 5 4 2 7 2 1 6 1 1 1 1 1  
0.903638547961775 0.9098841140370684 0.3705547145047819 0.5593608586203176 0.3729946000569098 0.022451945710399296 0.11737837078668223 0.7069413054340709 0.16841127463721134 0.34787765393786313 0.3546632818968345 0.19472704703765226 3 2 2 3 5 4 4 1 1 1 1 1  
0.6912089327307214 0.9354673282839977 0.47603982871883244 0.8004945808654862 0.14783368549543016 0.19847188343969063 0.4650891070881844 0.9455981441326273 0.6819389179128686 0.09794900058121067 0.5742542733560629 0.7543089206330411 5 4 6 7 3 4 1 2 1 1 1 1  
0.19105251029382697 0.16969054693483282 0.36585203163018654 0.8615355027059062 0.05911804363572132 0.01632919922633817 0.8568002091524376 0.34128302700607127 0.5486034132952906 0.9725057213588872 0.25295368453812206 0.006173426225203157 7 2 6 2 2 3 3 6 1 1 1 0  
0.0767351738349521 0.5896711836206008 0.7198530409848442 0.5103286624300757 0.4321937559605125 0.45186961566125294 0.7664293678932399 0.42849244965552097 0.213119868947849 0.7550445910061669 0.0058820913546708264 0.0023732894939112 5 2 6 4 2 3 4 2 1 1 1 0  
0.11228101223121718 0.4995774696401245 0.47737784807935635 0.9072199664859265 0.3483325990000347 0.6615663033869299 0.665731115939371 0.9248798702727068 0.3889153564240842 0.7071978704080835 0.33133999941774456 0.5031650373018193 5 6 2 3 3 6 1 5 1 1 1 1  
0.9767924746907292 0.45910319201616867 0.913435262601481 0.9528058646238862 0.9484758596462636 0.5448499787820247 0.2771983966863565 0.6060487964552882 0.6279198493357137 0.8359347889671049 0.025083252514539692 0.02732371405588166 5 2 3 2 1 2 4 4 1 1 1 0  
0.2902965746665841 0.20880738748287705 0.13832066117796127 0.7663881058020414 0.8421519406607413 0.12669816054627203 0.5490689865093937 0.28680462705173143 0.6767738157741936 0.5778446550279708 0.4675129509284841 0.27796517982500885 7 2 2 7 2 1 2 2 1 1 1 1  
0.3572900494303409 0.06910598309826677 0.2567938140502552 0.8397635546230015 0.519739678610916 0.6293419346652762 0.5501180997611562 0.7193300438309319 0.6885546849376886 0.7784125409431308 0.0023652807539480355 0.0074894760569383205 5 6 2 1 2 6 2 4 1 1 1 1  
0.10716533576252281 0.09271533404784582 0.24641041617461917 0.3877712990779429 0.2788240879917144 0.6318130849284597 0.767615126005608 0.9468045437330769 0.4264820723359737 0.3999848927064051 0.9470219824372139 0.414871355190053 3 4 2 3 1 1 6 2 1 1 1 1  
0.7819875510042601 0.6119953790682271 0.8375652457731786 0.5737650960710365 0.46804592413100465 0.5502396280953724 0.8672528880689289 0.9901026277463499 0.7662015607511928 0.39956167609590354 0.6825133867858467 0.5708166564217343 7 4 7 3 2 3 3 5 1 1 1 1  
0.44837803683397304 0.22548047367185473 0.6789358374041596 1.4694221998179488E-6 1.0489432569705213E-4 0.6764995943965363 0.002349602540487418 0.9451338311990534 0.3470963909749829 0.43825135901456463 0.013188532401933462 0.4524090786901641 5 7 2 3 2 4 2 1 1 0 1 1  
0.48175621419278575 0.39605656822233426 0.5337745239380581 0.14985448220439426 0.11438503764774804 0.6893215960015335 0.6094718923851734 0.5368259857605557 0.8814018285000661 0.09678815475785449 0.1381731573141949 0.6163667770654278 7 2 2 7 2 5 2 1 1 1 1 1  
0.21620613955272436 0.1085743152659924 0.5664855098036655 0.5578216247698723 0.6733909058571804 0.8120675501028879 0.807475249800239 0.240378311550897 0.11562507074942843 0.9377580054589848 0.046294600576743505 0.7298698718126293 5 2 7 1 1 3 4 6 1 1 0 0  
0.29862742260244945 0.20007820865701587 0.18693761083387636 0.15813097023826497 0.630459282845335 0.23200302999408606 0.7237855664904524 0.7272731920264509 0.25927909233793633 0.05271878517596653 0.2564618778603529 0.9014860695996569 5 2 2 5 2 5 1 3 1 1 1 1  
0.9886889696129282 0.8176521548640113 0.2600488376633948 2.7929839151811945E-4 0.5825285268461399 0.7391907950275441 0.397744594869156 0.9484694850768578 0.995672627892233 0.7211865819235561 0.005456236489659849 0.0015430512501060142 7 5 3 1 2 2 3 6 1 0 1 0  
0.34739671107449055 0.3764440708543767 0.271027435304268 0.4976265974326633 0.7423908807577847 0.16232210743341502 0.4429826835529959 0.49544224742888576 0.47119716386456933 0.8561261558649753 0.9966676040112485 0.9961307976993726 5 6 2 3 3 1 5 1 1 1 1 1  
0.9198966302835194 0.019042121331711726 0.7396668472061764 0.018723069098142163 0.5473815937308639 0.29747722654825715 0.6880383296539443 0.4404310020275337 0.8702100809293587 0.18778804118102244 0.16084400993469644 0.9316574116082745 5 4 3 7 1 3 4 2 1 1 1 1  
0.9434466851538887 0.6356903152995126 0.030358705512336808 0.6187707565727375 0.6012804217250024 0.4274356074757688 0.015325298899421802 0.32122845025743363 0.6486763919278342 0.9326044737955564 0.971402979307802 0.19006765582081134 3 4 6 3 5 6 1 2 1 1 1 1  
0.010091931213405316 0.4210231891104038 0.908096015985803 0.2184196708798291 0.33237649566569466 0.012081412368825185 9.451242702941242E-6 0.9963853085199696 9.56601784313628E-6 0.5255046935318023 0.9831161204421353 0.08732665356980382 5 4 4 3 1 1 6 2 1 1 0 1  
0.8223699161670263 0.6562297928961238 0.9333898130059737 0.26935608630657165 0.9938237281371451 0.8079792781205709 0.5746379110375336 0.6696959535391594 0.02067680108321472 0.2552422451323109 0.20504526908619852 0.25011754384544166 5 5 2 1 2 4 6 5 1 1 1 1  
0.4105926643137181 0.4278516367266023 0.6599780639409413 0.9436411770009336 0.919193564049669 0.6681265305922399 0.7303124345943592 0.9987866857859945 0.8221340862810016 0.4086901341524808 0.7920267268579423 0.583756084889526 7 7 2 3 2 6 1 1 1 1 1 1  
0.9084711726003861 0.42402015562416673 0.24578114238681936 0.6882185725214944 0.7605616308809965 0.05138035966777432 0.8664927710926708 0.6226028701312275 0.3867158212526943 0.625580567825355 0.4551245729091649 0.9915343522806395 3 4 2 3 1 4 5 5 1 1 1 1  
0.8978812895949313 0.8476657391859224 0.21241179545206645 0.9943542348024571 0.559885739865958 0.7787892947208037 1.824038739044187E-6 0.8078870617553733 1.556204823008885E-5 0.5691863525839377 0.10107497097474183 0.35762666657692843 5 4 1 3 2 2 3 5 1 1 0 1  
0.45548425044381774 0.9560231258793687 0.5919152717775819 0.12916799272640878 0.9061633965793616 0.8565547129186285 0.6245802667617425 0.011366945962153485 0.39712941520867273 0.4739786389199244 0.07868423845256756 0.38229259444730834 7 2 2 5 2 5 5 3 1 1 1 1  
0.9437647736377821 0.832089188137988 0.9077565834634437 0.39686810655868304 0.1896490170682098 0.04278645968563323 0.3293951379887439 0.8536935952500792 0.15067302897268608 0.8788442887232738 0.9743286075449445 0.318991622742657 5 6 2 7 3 1 1 1 1 1 1 1  
0.020477510901291407 0.7945601937280438 0.504634432854249 0.574274406714293 0.5840196108188402 0.35857311080172904 0.9852854667974267 0.2451244155951343 0.12066492522341365 0.8051382378891437 0.7593655791617463 0.10516034815864464 5 2 6 3 1 6 1 2 1 1 1 1  
0.8175243592949243 0.3924024110855728 0.3812583429773274 0.7313409042380067 0.23076386754903858 0.9850985565778174 0.23062229257962447 0.5962378140505371 0.24146123834531355 0.15598832979599542 0.08481135581832372 0.12662356906455094 7 6 2 1 2 2 6 2 1 1 1 1  
0.22350666109913578 0.32603074276840793 0.0469440133694482 0.9407795896340005 0.6478994129385496 0.8976717435264845 0.8764139729472655 0.34461068825069263 0.49259139805819496 0.565316626845446 0.48399108726118895 0.6156159863370241 5 4 3 1 3 4 4 3 1 1 1 1  
0.07079988748551846 0.15072604925024027 0.17854498343261838 0.41111948026181966 0.09589879037568633 0.16800988510643483 0.675220960258638 0.3279960648217782 0.26671913180641904 0.9771005697509626 0.3106622045362256 0.05131586104651664 5 5 2 4 1 5 1 6 1 1 1 0  
0.8096238123319384 0.6416497369800012 0.3603042604917234 0.02201003713689908 0.5883573853286755 0.11122740182167719 0.3838659044096495 0.9185635214128509 0.09246071491586998 0.9445341633537502 0.14534252756675034 0.9908707352107716 5 2 2 3 1 3 6 2 1 1 1 1  
0.1494345519350145 0.5465122570754509 0.3659832278079335 0.00527825641256028 0.0689601432875179 0.9856238370713053 0.7720197767906053 0.02833790945932773 0.37097074469567953 0.8904446472944414 0.4721430199811219 0.5129664637178128 5 4 2 3 2 6 2 5 1 1 1 1  
0.34733573169920007 0.556487124531166 0.5795221947682343 0.682706882689708 0.5941679820649395 0.39509946892751774 0.9321889445677988 0.7415671114347484 0.2630138236875805 0.7806537894352209 0.03691164367046246 0.4111260473604374 3 2 2 7 5 2 2 1 1 1 1 1  
0.44509740300198253 0.5878166636983929 0.41915027144637806 0.7311100300947112 0.053655814134375035 0.13650511976890867 0.782137773232226 0.8137320430117675 0.9789447325715753 0.23080515764317988 0.036107821653786454 0.9584362539599697 5 4 3 7 2 1 6 2 1 1 1 1  
0.5596293218779054 0.5435637458873049 0.2960398685006877 0.7907492422841853 0.43959546027286944 0.6803504455743457 0.9850115037415886 0.6949835983954907 0.6548404575741292 0.7646486816220412 0.5330594301411297 0.7346146759129596 5 4 7 3 2 6 3 5 1 1 1 1  
0.8297705627623326 0.9993710754371445 0.42274506928585953 0.11735172425871551 0.9375339735638043 0.1540232774364413 0.003955391457845243 0.3057383132914253 0.6760438421449468 0.35690248320624496 0.513812097685022 0.9203052661296954 5 3 6 7 3 6 4 1 1 1 1 1  
0.2248160850273118 0.692648222863868 0.7762505773888951 0.6140739502355574 0.2990700428618354 0.8480726833730581 0.21732299182682988 0.6579228710702497 0.3059213366397813 0.8023640400010907 0.6457470242494557 0.5453170149353794 5 4 6 5 2 6 3 3 1 1 1 1  
0.284552758195993 0.6417602564815584 0.8406101707179872 0.9968327763221726 0.42912743655740837 0.3013123946441608 0.6111995273761842 0.5447382302147816 0.49279123863796803 0.18977026149918425 0.4452088377979676 0.671479065215043 5 4 3 1 2 4 3 3 1 1 1 1  
0.6389165045650592 0.71702039211461 0.25035007544910015 0.1813545233933259 0.7856713634337605 0.41638970151674254 0.4420090645373006 0.6343535114996206 0.5660474365068712 0.3194893994214202 0.48809128639527144 0.6542629931132916 5 2 6 1 1 6 4 4 1 1 1 1  
0.6962595928614566 0.7498272124073141 0.5855224501754769 0.768648867898674 0.35258488764529394 0.3940187409751791 2.3786762082700363E-5 0.755884949859957 0.07820941030568687 0.6459571021592753 0.22897043911386017 0.13005350664978216 7 4 2 5 2 2 2 3 1 1 1 1  
0.9737849048391706 0.8274905725896368 0.2935335661331713 0.7364145578964548 0.6576025259878874 0.5994058065552985 1.375760559663346E-4 0.9306545091044758 6.095309850578641E-6 0.2724725554179054 0.15339988117442327 0.28368205017729975 3 4 2 3 5 2 5 2 1 1 0 1  
0.185103916429534 0.8935650828555697 0.9954111297354007 0.2517243181068006 0.6473112421425666 0.22319752700910833 0.6980798848238342 0.9754244490249437 0.2188124216048531 0.5388263768435336 0.25325448860910993 0.634331581136944 5 6 3 5 3 3 6 3 1 1 1 1  
0.3976133414127693 0.226020713443753 0.1980660104524557 0.4770585177337801 0.2863967814822675 0.8231601135595533 0.3928983047549011 0.4955901930345194 0.22868641357206007 0.6736081101320038 0.30077392854014934 0.3636534762649478 5 3 3 7 2 6 6 2 1 1 1 1  
0.800694787660673 0.731024684047678 0.4936328712344158 0.43059221679930637 0.381767249805919 0.3219491220815677 0.0169030371185247 0.9472790231938492 0.9722445522443921 0.12127103476742224 0.21221969912805483 0.6668335642111408 7 2 6 1 2 4 1 3 1 1 1 1  
0.9635999868940184 0.2948925436376325 0.5476328456881255 0.6132814724758581 0.05899321277062419 0.4508422054710535 0.5836407478429381 0.8238745903665051 0.08355602543363566 0.45601397144968453 0.14374176434453903 0.6942559644496642 7 2 2 5 2 5 1 3 1 1 1 1  
0.43578149355595136 0.8727071947787878 0.18982042614309652 0.6774383982351777 0.33446306689175354 0.19234670491962605 0.43958350390249024 0.6026568417236519 0.18751444577504744 0.9287965940489917 0.047293784717675924 0.49495421588778543 5 2 2 3 3 2 1 1 1 1 1 1  
0.8474339695101961 0.6827051496137843 0.0016389356122959234 0.8553692795248181 0.4905076272402148 0.9557429539828178 0.9890979974027824 0.4100025809102195 0.6097311492728961 0.827772959722106 0.7458755275990767 0.15241347517870107 5 3 2 1 3 3 5 3 1 1 1 1  
0.1717029386768699 0.1752396723264943 0.3600223854300111 0.7613487511156364 0.3838594981720538 0.7211489644068974 0.13719900123467427 0.9579165652452012 0.36338782021836274 0.8788890588524594 1.3732814452521724E-5 0.01502610225202139 5 2 6 2 1 3 1 6 1 1 1 0  
0.42611246334738306 0.9643253644010639 0.21179757251204112 0.0017351719515515342 0.004574790783653748 0.21039348871857566 0.9196040402038044 0.3846496219164573 0.4133739396375355 0.8224171666848846 0.36588929806093806 0.6627129291172245 3 6 2 7 5 1 1 1 1 0 1 1  
0.7564996514851493 0.5798765227718741 0.38960932976469076 0.6601226667337762 0.8468453906739724 0.04679461460252253 0.9089522885113339 0.7312573925309992 0.9067366639702478 0.5668745797270204 0.9358263470743386 0.5973967923152235 3 4 6 5 5 3 3 2 1 1 1 1  
0.8465227929761127 0.09961488603277552 0.017993006388311802 0.06798510642908565 0.5541155612053233 0.3250392084824262 0.6231058562899926 0.006162044512299507 0.5581543323039567 0.9648300828158323 0.0010253025360517053 0.008876373763455597 5 7 2 6 2 6 3 6 1 1 1 0  
0.09474538101984811 0.2695772511204715 0.9997968725460262 0.2856158092272367 0.4381653737759133 0.049024713747012755 0.7638952461008632 0.5590876331450508 0.4431656497888877 0.325424943711104 0.7614031031089087 0.963456838192619 3 4 3 1 5 2 3 5 1 1 1 1  
0.20014607185702554 0.4900930868314345 0.5707513862305342 0.3335744329938211 0.05667701590257557 0.2720293713016011 0.9325813545601146 0.13488249127576613 0.8727638752586693 0.6336684274963912 0.9775196432120294 0.26320409391696964 5 3 3 3 3 3 6 5 1 1 1 1  
0.7023036894832966 0.8978951307935352 0.5231680851286191 0.004075858787842612 0.35285167112943927 0.3593077896402813 0.19263513623299044 0.48666077369460276 0.20315783426681788 0.8455126286871831 0.47767247211397074 0.9776243303963974 5 4 3 3 3 1 3 5 1 1 1 1  
0.7793488600798 0.2725466273937638 0.010918877868503457 5.368476041587109E-4 0.34404141687135104 0.02552884839475636 0.27202012816689336 0.6616172064188817 0.2576580234954574 0.5548662613108063 0.011938379270490213 0.624809076803922 3 7 2 5 5 4 4 2 1 0 1 1  
0.8932739826663044 0.9310150253731709 0.2063336195085511 0.931383118788563 0.3937638001008028 0.49783350356685 6.204187897971861E-4 0.8669654175567468 1.1282281420189056E-4 0.7210044639651503 0.2047549384995309 0.08615932257006051 5 7 1 1 1 6 1 1 1 1 0 1  
0.20429223457846254 0.955098516322827 0.9063088218420489 0.09823946952374103 0.8889474214754115 0.9453998977458391 0.6287229905215994 0.7439205369565997 0.023017938835410645 0.7889001407274618 0.5443224779438877 0.5630908693579215 5 7 2 3 2 1 6 1 1 0 1 1  
0.8199532774603193 0.37059061055140524 0.017643651063712795 0.32142355258856903 0.7849040199747958 0.9661827700911716 0.263527922868492 0.8544099216945683 0.7589749875372105 0.6806802615639793 0.7377084183857535 0.5926347643548683 5 5 6 7 2 4 3 1 1 1 1 1  
0.6398124411413851 0.15355671969530615 0.6206515008360836 0.9579360316848731 0.31679600273301767 0.16318422991196158 0.17581542566591138 0.9649581572286803 0.7090081192042446 0.7779849251746023 0.17692013297586762 0.611886612118084 5 6 3 1 1 1 3 4 1 1 1 1  
0.22501071434917652 0.12151586768226691 0.5415141801288506 0.08296844424216973 0.8768662361904005 0.3232173167792209 0.9674441123007024 0.1928209987397044 0.9037232048800283 0.8316602866639999 0.0023213668196672248 0.09749965198272605 5 4 2 5 3 1 2 3 1 1 1 1  
0.9808076967988539 0.04259203985906692 0.572489984581901 0.9932267842205934 0.33695648482529955 0.19140499183867266 0.1371407121175353 0.2655144292703725 0.12373559547832805 0.14420209206335122 0.2843214915557324 0.20998083630544187 5 3 2 3 3 4 5 1 1 1 1 1  
0.7561001566509157 0.22660452052497884 0.28466880692322744 0.9691431414429333 0.3134969744806662 0.5699572968480088 0.7437646003598806 0.6818698671250166 0.126739687769295 0.8901255506994127 0.3803925376188878 0.0964175641132686 5 2 7 1 3 6 3 3 1 1 1 1  
0.4336415824061649 0.26883471128299746 0.9124092747556761 0.8762357424512079 0.9004695069881802 0.5902606982610967 0.30667951010768835 0.40977447129842925 0.31415690013565034 0.3716847589550703 0.03563649315188572 0.1617338643423285 5 4 2 5 3 6 1 3 1 1 1 1  
0.07057866062982492 0.28177001262791157 0.1199761018269872 5.396151308220145E-6 5.658033754999108E-5 0.3471788268102261 0.6997399724224995 0.39994153984961966 0.7172355296702358 0.7421429132294682 0.9024411267145777 0.4513331715958687 7 6 2 3 2 5 1 5 1 0 1 1  
0.6882740659952419 0.467791454059055 0.3951069917307494 0.540116706218147 0.9653444808781411 0.45922066913086157 0.2919717986467685 0.38211095183403376 0.179943055719858 0.5069623763844876 0.25647226618603747 0.7840195464207693 5 2 3 1 3 2 3 6 1 1 1 1  
0.3176883631790663 0.11164008148965271 0.24714752633911924 0.7327607625765865 0.6497033139458113 0.3776308865764073 0.2236834345196186 0.6581409861833073 0.6599406606491751 0.7915383917053913 0.1666478245551924 0.7179512716260388 5 4 3 5 3 2 6 1 1 1 1 1  
0.24909407817083234 0.4159512173770596 0.7823041194281882 0.005017413452107947 0.801397998717647 0.0324768640871283 0.11054119541603324 0.5317170313687156 0.7930695159311436 0.8620026706658684 0.33936765185680756 0.5000402992695228 7 4 3 5 2 4 3 2 1 1 1 1  
0.16755903847208017 0.5051896450857436 0.8074612551874175 0.5387384338710489 0.8381361903756864 0.30121302496275604 0.8845533460780083 0.07906318894689537 0.7053205081687153 0.49457083258213075 0.6235456939847108 0.7432760869691065 5 2 3 3 1 2 3 5 1 1 1 1  
0.17414356393810587 0.4642054979469862 0.21979835511342205 0.4951936854894298 0.03308016434543589 0.2161557747636015 0.0913584344429918 0.3258087831961693 0.6538021759837432 0.15777812023218707 0.18392937359846345 0.9445144018288381 3 2 2 3 5 4 4 1 1 1 1 1  
0.20356114828300498 0.2733592397678325 0.07563057886334405 0.7078692053036132 0.5985169483737929 0.5575234170928577 0.8195905126050894 0.3606404045484711 0.8113106164383358 0.99569308570236 0.12403501396095234 0.08154090014486673 5 2 3 3 3 4 3 3 1 1 1 0  
0.48216766122043925 0.8438458720479498 0.9310508334562005 0.19478823929315828 0.18201370453866783 0.9766137390470163 0.7168599017910837 0.20239392366920483 0.6807059776140714 0.36447951477627744 0.5665826602539812 0.9156297964008685 7 2 2 7 2 6 1 1 1 1 1 1  
0.4937403799883717 0.9459829243050337 0.7887514831742776 0.4238713835719574 0.6406090671454565 0.1656976898678502 0.9918357061515529 0.43299086904506917 0.9806970892733391 0.8296853026053163 0.4055649630457885 0.2706964975879176 7 4 3 5 2 2 3 3 1 1 1 1  
0.8926346739691785 0.9808277285210499 0.5921269285469504 0.7841893614541233 0.7188945791658299 0.7068213437266747 0.3486969248949212 0.5266496958176194 0.23211833694564638 0.35939431193448634 0.46968241969357677 0.711876147364665 5 2 2 3 2 2 5 5 1 1 1 1  
0.17783095131834076 0.43244999268248857 0.23256898041973906 0.0027338693815876962 0.7034635014077797 0.15317296702770816 0.6949970079052395 0.8842770587787407 0.9628330064005455 0.023465729960404857 0.882697267742197 0.4981795874204187 5 4 3 1 2 3 3 1 1 1 1 1  
0.2126830674366064 0.7581319430681694 0.04277671801890042 0.8161254027045319 0.29019547123167944 0.928481815585864 0.10135985808972883 0.19542038542624374 0.3738444159833481 0.21020614091693468 0.21895075402192077 0.13802010824465627 5 4 2 7 2 2 3 1 1 1 1 1  
0.5180506009457956 0.7727862681392136 0.7579223376622365 0.43529700549602024 0.6912905995509766 0.6435278788725836 0.18626002947079284 0.9992792558499501 0.01992710519349994 0.6828211439836938 0.04422258184815833 0.764116870085753 7 4 1 5 2 4 2 2 1 1 0 1  
0.9859395419373052 0.049972216323707325 0.373203788380306 0.38894792613632256 0.6770036779101167 0.3734773768493888 0.8114571822169171 0.2419896815202912 0.631253362916902 0.15511169722043036 0.037842334545646825 0.0045676970968960146 5 4 6 5 2 3 1 3 1 1 1 1  
0.03160221761504675 0.8974289970764098 0.06560750818066458 0.5538832650408199 0.6025042813385622 0.6973954998270604 3.6255335163955086E-5 0.5618427127030332 2.9376110481636018E-6 0.4198463495932304 0.5450036283896934 0.8268683974555219 5 4 7 7 1 4 6 1 1 1 0 1  
0.9085819183889525 0.19288305592385496 0.4460035324746193 0.7556938899223621 0.774026450517172 0.5768924483017854 0.1266555326539844 0.20408218279668747 0.9612486749144936 0.749888000840205 0.10783545486312535 0.7812676308741782 7 7 7 3 2 4 3 1 1 1 1 1  
0.9456645302240176 0.45780195819597425 0.3404834555689501 0.46582541392228693 0.90408979284901 0.3401498179951054 0.5438184762496528 0.5153021506586009 0.6964228142047735 0.13473389855691933 0.6485931449890954 0.19955986768452402 3 4 7 3 5 4 3 2 1 1 1 1  
0.345754626645888 0.3964158147187201 0.2561951103871849 0.2827568495758486 0.36291447690188944 0.3441062706262212 0.3027401751847005 0.7526210814059222 0.5966225252101593 0.5368157796484594 0.1083273652532318 0.39146265662963403 7 2 6 5 2 1 3 2 1 1 1 1  
0.4862648602143785 0.7229582356774713 0.7438504253772358 0.04429514146406857 0.4020377215070691 0.3877769683243563 0.5211038818225162 0.6705556779094111 0.22217443237293674 0.6821237735304067 0.5204239701935736 0.13602836874289928 5 4 6 5 2 2 4 3 1 1 1 1  
0.06112487123134974 0.8762554852490361 0.31742707496188677 0.28463568088075486 0.5233935057695803 0.3074670685487965 0.2411607877327096 0.9867756570175749 0.2879769071013297 0.6365550040033128 0.7744830813092705 0.6874079143155282 5 2 2 3 2 5 3 2 1 1 1 1  
0.7359949746263574 0.03030741391157077 0.380504503458021 0.27991925003756013 0.1326139247620176 0.9537313668095979 0.5559816811844861 0.5526101730465388 0.8086107379087611 0.34775878285548034 0.17993741903556937 0.4225678931768003 3 7 2 1 1 4 6 6 1 1 1 1  
0.18012860757530968 0.09840241789176038 0.7292793772766699 0.0020363655566362493 0.6705815751489917 0.146716877808318 0.32534103670532405 0.7925096547191883 0.09292906776025367 0.8450475088714107 0.13559767948781348 0.34215224445474157 5 4 7 5 3 6 4 3 1 1 1 1  
0.1532206196038829 0.9737802347247242 0.8026397508197706 0.17778729275390126 0.9310100392211584 0.9570524656726065 0.2816247307432066 0.641734738686603 0.1941511893134355 0.10668458723248408 0.005012539129824002 0.0015156589137426124 5 5 5 2 1 6 1 6 1 1 0 0  
0.5645411232481115 0.5823224681416999 0.1299569175195186 0.342464864736137 0.30506790363499914 0.5663447413153637 0.6580307377099263 0.9277500672447162 0.3435775433907258 0.04409151488445173 0.04929034064747706 0.14238584234370577 7 2 2 3 2 5 6 1 1 1 1 1  
0.8454042092898798 0.6725577904996954 0.7824351283652169 0.1623222077907741 0.2302047956483127 0.10764460825742111 0.16046895811001988 0.8424236085688512 0.2551998731952601 0.8011308175469651 0.48760396121092225 0.4802877695104572 7 4 7 7 2 2 3 1 1 1 1 1  
0.19367587407400844 0.4123197576925739 0.9493172887297894 0.19457960868574609 0.36214945756102823 0.10830772746983358 0.17438584520250425 0.8445220444147556 0.15375607222342777 0.24825607842775338 0.39636633672070865 0.855544278717846 5 2 2 7 2 1 4 1 1 1 1 1  
0.6342052790373938 0.7266707068151731 0.013597174894840486 0.5854495079215523 0.5828753788065233 0.9612208377244147 0.6303850167568468 0.2680289120250863 0.9612219192071159 0.9886745431319809 0.22615396881044858 0.027640359442769977 5 6 2 1 2 2 4 6 1 1 1 1  
6.361973634786827E-4 0.9417661266304713 0.7030170721210507 0.5513066760225843 0.9383319087315891 0.9014346368668072 0.3807147047953198 0.5838146029559245 0.4827503886267595 0.08835824662992728 0.99975823372734 0.03770712930889633 5 2 2 5 3 2 3 2 1 1 1 1  
0.028865262077756415 0.12377596364735494 0.32165030567132047 4.6945656539655654E-5 0.002188841622084308 0.34012669128076983 0.31022083822735425 0.9432565043260539 0.19088668049195065 0.6983205999392057 0.08522018684475179 0.751473358160754 5 7 2 5 3 6 4 3 1 0 1 1  
0.5393419969866793 0.533777335571928 0.16679453888986798 0.896437547606699 0.9818006809988187 0.40443958457424933 0.3180772556840773 0.02179215463880302 0.35564542830019713 0.6062738619341256 0.17158490966279108 0.05774342662834708 7 4 3 3 2 5 6 5 1 1 1 1  
0.9166237095957445 0.7650236455630912 0.0059088389320173795 0.34276193450333325 0.9869577002855192 0.4821429209249367 0.3707795901460574 0.8436723430062475 0.18726886317942418 0.03562836127070046 0.7344449297316498 0.5917429777436237 5 4 3 5 2 4 6 1 1 1 1 1  
0.35704689440537646 0.5591697505916872 0.3010983440979421 0.19872499699785987 0.7640097009737676 0.3781672528505667 0.16857438938234065 0.8446741839524745 0.2053406971602681 0.8281874330641384 0.10862272935604556 0.6247058476824942 5 2 3 1 3 1 3 2 1 1 1 1  
0.702719920846407 0.5582106953998098 0.3344657881614451 0.7718623462276417 0.8022594648905261 0.7131061502272095 0.17700690327201768 0.38389969942322266 0.02789891939703938 0.24914073867481873 0.2817895754694297 0.7549797328811231 7 5 2 7 2 4 5 1 1 1 1 1  
0.877969532974296 0.5100127246002767 0.39137933490476307 0.8301704304604237 0.999536005281145 0.26512923318238935 0.9464196293072467 0.07978491377082676 0.2870744591070207 0.8115058777388862 0.22051460955625424 6.119268222421967E-4 5 7 2 6 2 6 4 1 1 1 1 0  
0.659425115683212 0.44908557921289677 0.29132322618949524 2.2623729416045506E-4 0.5499309361126045 0.8844147536753939 0.14234966840148924 0.9138670543011548 0.7241886090398391 0.7732644467418444 0.6070601304793908 0.1423039849840106 5 5 3 1 1 2 3 3 1 0 1 1  
0.16996290665727176 0.589484815942557 0.432972597191675 0.8547180841975918 0.09294560716247079 0.16217990227978424 0.002780179809796477 0.9662943214571872 4.5467917991413864E-4 0.9086632623345815 0.015694481966108068 3.2801080829744644E-6 5 7 4 3 2 6 5 6 1 1 0 0  
0.5226473817441053 0.7433303454660914 0.6347977802008993 0.6791147871005694 0.7344961665386798 0.6091925417478463 0.7473478817226665 0.9309279753454054 0.6187373524037529 0.07669319214149783 0.5724784520792374 0.6459269507790409 7 2 2 3 2 5 5 1 1 1 1 1  
0.2179479310190724 0.3147165063729809 0.8715974668479003 0.8430204190603774 0.40004342190718545 0.18790744048308144 0.5147086891999262 0.7205996494504013 0.7264910300953605 0.5780672913767387 0.7311234895476281 0.05567054516815284 5 7 2 4 3 3 1 1 1 1 1 0  
0.049784222222585855 0.5588140889529563 0.5369937276278359 0.03454877951085192 0.3743009134081994 0.49677068948602443 0.028940561362294337 0.9717926442525207 0.3703173798138242 0.23848146332419806 0.7596778018014858 0.5256157983510077 7 5 6 3 2 5 3 5 1 1 1 1  
0.6092113028044998 0.8519480786495386 0.5959805427801201 0.541334851110225 0.6998886464762025 0.08907845390329627 0.6104109899970129 0.6198440256727366 0.07802818851044276 0.8524040280957774 0.0026847282046776333 0.4483297492324757 3 2 2 7 1 5 4 5 1 1 1 0  
0.11226331893963487 0.5286318677333997 0.7220301921262233 0.6108328768111487 0.4484637991332884 0.9967228745657455 0.709525328903399 0.6125869909416868 0.9719779644827036 0.945160004686703 0.6610814914567756 0.1956144848448166 5 6 2 1 2 1 5 5 1 1 1 1  
0.7613592729298525 0.8334203943527376 0.6356379889270185 0.5148674819503534 0.5495750999887694 0.018236828567742128 0.06061613018187201 0.9070917914065167 0.12959285390161668 0.8825320357724717 0.002386002329434757 8.449149179345708E-4 7 2 3 4 2 1 4 1 1 1 1 0  
0.01876827689014364 0.8085649147965133 0.6200150818131772 0.0012902406843068167 0.6449105767289126 0.9907781329182894 9.210448035882526E-4 0.9976402816834677 4.457208721386774E-6 0.45035387288805373 0.7400732798774802 0.0048835328191700784 5 6 4 1 1 5 5 6 1 1 0 1  
0.33748540036988484 0.6591408508636617 0.9519821887300659 0.23869269105408567 0.960181577891559 0.9448273836581667 0.9443013845686209 0.7732518116317134 0.26927395363468387 0.3733349138703774 0.8136723602538163 0.009185951597641953 5 2 2 3 3 1 4 5 1 1 1 1  
0.9678129794620838 0.9398211495583388 0.3734125363181039 0.22650895133344784 0.7674986365451573 0.4405730747264073 0.10749719031282645 0.6837429596821996 0.028544941792354228 0.3125113320763402 0.6093022080489309 0.9121270807848921 5 3 7 7 1 2 6 2 1 0 0 1  
0.7957587467812007 0.27406711461241373 0.6708628861763966 0.5287411940837884 0.23839426428398036 0.8617448155798307 0.40345202338749797 0.9910880602710276 0.3751694928917937 0.9627971373298703 0.8467121088556786 0.3681803252623811 5 2 6 3 2 1 3 5 1 1 1 1  
0.19590550846981555 0.7542497699698428 0.14960378088133766 0.11217434876308599 0.3439612015386414 0.22980003749838135 4.010110449481507E-4 0.9942025791948863 1.1475899597691852E-4 0.9937991347283854 0.9576367053715851 0.9943564965773427 5 4 2 3 3 5 2 1 1 1 1 1  
0.11492688785252331 0.9567922739526056 0.4086183601301321 0.3772991179733175 0.7807772457032943 0.7745569940903232 0.2682041443533203 0.11014527713859464 0.46786619590308753 0.8883948413564609 0.7390621522295295 0.7891107803752174 5 2 3 1 3 6 4 3 1 1 1 1  
0.37634535454409235 0.4314603560660094 0.6277087141730021 0.09227452075834956 0.9752312101538065 0.25216953543350673 0.3653984857254705 0.5996863644174387 0.32869760366224793 0.9957292899445517 0.6704793647969925 0.19643123481286182 7 7 5 1 2 2 5 3 1 0 0 1  
0.6986602636806203 0.05427039750662602 0.5090139167160446 1.1540738769660137E-4 0.0020417662179336438 0.6370989875673857 0.8686916271467272 0.08436215859552404 0.5268247045296278 0.23801935955945022 0.1667197378386402 0.6455236275219345 5 1 2 3 3 5 1 2 1 0 1 1  
0.005060708097144716 0.7683491633782236 0.18545074682822282 0.6434802623292863 0.8614547353895564 0.8713315187827373 0.05480215005838385 0.4272042537231972 0.3625078816648474 0.7786908602522753 5.727235687904208E-5 3.360861205867899E-6 5 4 3 2 2 3 4 3 1 1 1 0  
0.3184619306043444 0.8729503563535052 0.13180859505822273 0.09028756639749641 0.18721102701865305 0.31773754213703054 0.16526718005245306 0.2938988586646224 0.47957471374443644 0.666716440789083 0.7754635227594951 0.13618917852488172 5 2 6 3 2 6 3 2 1 1 1 1  
0.24839062040717813 0.9040234244109503 0.3631821677418054 0.5334601785196985 0.4717455330675814 0.3197574386934766 0.8774132516272323 0.2311447090467938 0.5111383376463285 0.17050663052371884 0.5026297211395304 0.9768049997735162 5 3 2 1 2 3 1 3 1 1 1 1  
0.021505241010131848 0.14617620936628592 0.36901976311193113 0.033110755389688024 0.9683690096003358 0.020336895492417503 0.18208029172452878 0.9616205508350121 0.013049627402657431 0.4672233740373472 0.7138973514455912 0.6447961533866761 5 2 3 2 3 2 4 6 1 1 0 1  
0.4078483371383359 0.13513426690267394 0.8636894320479016 0.9442909396580565 0.056863687846899574 0.14804124123436335 0.10948031788298139 0.015012781371040028 0.9740377073397453 0.24833554408486092 0.9011329198663891 0.22698905106754488 3 2 3 7 5 3 6 1 1 1 1 1  
0.548113001071681 0.43879343417507843 0.4488860492693803 0.07022817012953961 0.199961398491613 0.5674401855999209 0.3214031785340532 0.6876274284249265 0.8532623516396733 0.9470302594895131 0.7520497709962376 0.48891236666424814 5 6 3 5 1 2 6 3 1 1 1 1  
0.046860617180369685 0.6221489101024692 0.1375067243988206 0.07434418680931382 0.4030908810599223 0.3200591091566825 0.6294949079114146 0.6236059975972327 0.185516024270175 0.11874821221228415 0.24885017187058978 0.6511440221053036 5 2 3 3 1 2 3 5 1 1 1 1  
0.1139346766237299 0.975053920468119 0.6723837011640055 0.5085295302064439 0.305092723145237 0.05438145802883546 0.1543826385709564 0.4070168375441443 0.7628801076870404 0.05792225673933796 0.3300594258292545 0.17702858448000347 3 6 3 1 5 6 4 3 1 1 1 1  
0.8265558732056277 0.6164890965243587 0.6571310531689687 0.9465854535435048 0.5506764398427111 0.6632856720704006 0.3592448391276381 0.6500644843114538 0.007086773706745344 0.8577922725509632 0.053823470637884924 0.2652167920025902 7 2 2 7 2 3 1 1 1 1 1 1  
0.5387039307747652 0.8199855339723894 0.1523478399546967 0.5417754617994927 0.5420594941977828 0.10203155996345192 0.9098650068945943 0.48714609425759464 0.5158856818344603 0.3729479766462751 0.3300544207302314 0.17738251532218194 5 2 2 7 1 4 4 2 1 1 1 1  
0.8058228654207562 0.31513265632781995 0.6666935812780836 0.4988159040551719 0.7793938423602857 0.02287690643300662 0.4887154657194612 0.12170559585512603 0.7569555799635544 0.9785524348682524 0.8266230194786113 0.28675332238281437 7 4 2 5 1 1 2 3 1 1 1 1  
0.5682316032013685 0.43628738922478844 0.15995427609608612 1.1720535025582825E-4 0.0012806719552216454 0.8233699945940992 0.22347402596485091 0.571783331851637 0.056074202715119065 0.7908055247923232 0.34698806026781853 0.44683393708297703 7 3 2 3 2 5 2 2 1 0 1 1  
0.5462585456264167 0.4894193984473483 0.23447776777942736 0.7090055363013649 0.2309268348587517 0.7057544592479762 0.9256115387201344 0.5553383775328999 0.16366996891254823 0.45128157398247226 0.5926197208194595 0.8372513822944435 5 4 2 3 2 1 6 1 1 1 1 1  
0.45076269910958905 0.6796719591236539 0.4320182889830584 0.13974409146940642 0.34631526509644317 0.3291498719833375 0.22561934827994484 0.3676016176703633 0.6877598181935665 0.6279594747095076 0.21057412890100857 0.867304191251496 5 2 2 3 2 6 2 2 1 1 1 1  
0.7126886774105082 0.38059568227520835 0.6761751306974793 0.5493721774836127 0.46520816397759546 0.06253792863855501 0.046975997394897384 0.483650877527646 0.10671874346118632 0.9184803135985062 0.0024714127588848223 0.8842393434021372 5 6 2 5 3 1 4 3 1 1 1 1  
0.1555462436301303 0.011649402445230883 0.9119055639995324 0.605091131573323 0.5962151746409703 0.7620261201011066 0.8319523732452621 0.9074189959394736 0.7043285361096524 0.382435079983905 0.3007555395429067 0.1411741823608124 7 6 7 5 1 2 3 1 1 1 1 1  
0.24930116486893633 0.7623218418957355 0.8464846648314135 0.9923527769049441 0.6952606385424593 0.6749011259409344 0.16477810714569435 0.9114290262644178 0.8631134123967824 0.9112309443167048 0.9570039785181598 0.9677810021223181 5 6 7 1 2 4 3 2 1 1 1 1  
0.5595535142351191 0.4773002350951296 0.16794567023534174 0.19000829150039786 0.6897439870205202 0.3112154826576773 0.6768292532555777 0.4433559725394691 0.3736028261181157 0.35734293475700046 0.03506181809057238 0.8463161175053958 5 4 2 7 2 3 2 2 1 1 1 1  
0.08546355524517568 0.375712278581036 0.013967684066854703 0.3537301688338428 0.6449780719614987 0.20406774615623152 0.7260332930856098 0.18162327217675037 0.0660832013207326 0.4616689407180922 0.5421856425917405 0.7036217343372274 5 2 2 3 2 5 5 1 1 1 1 1  
0.7787599075094601 0.0806332041404681 0.1128649878670562 0.9700368912042716 0.7629140658293924 0.17748226220588786 0.03306698101011704 0.7174355199109627 0.6234115062915626 0.19518573594011435 0.6344216981863515 0.922956832022573 5 2 3 7 1 5 4 1 1 1 1 1  
0.5527554943092934 0.7007149288415409 0.7859520053986638 0.4128214778643917 0.1622092149838117 0.4258227641942709 0.17338714715448367 0.9777473972462903 0.24921679132885488 0.34321305949418746 0.8149295300689361 0.21891640397557094 7 2 6 7 2 3 4 1 1 1 1 1  
0.9077222445757451 0.05462431227278358 0.5492479142173898 0.803691236687789 0.11484956227949156 0.6995614956089918 0.32555786725189084 0.8688890440742516 0.45565580854457977 0.5460658265494416 0.5134953580165741 0.019215237565140986 3 2 3 5 5 2 6 3 1 1 1 1  
0.27594861714205815 0.05481235613017615 0.6099164777090319 0.18610409027322727 0.28354792214673596 0.8378962682294532 0.6877982372621086 0.028793993365270498 0.05242348107061642 0.19508994327580234 0.5624366727997763 0.5207760514331651 7 4 2 3 2 4 2 2 1 1 1 1  
0.7022171812219119 0.4746778971374819 0.8736561262538434 0.028802114753976205 0.4978918989559924 0.658784320497339 0.08600841350584187 0.9012765540249039 0.6081987304089388 0.6626184226636052 0.5567099639681737 0.4655736970018212 5 2 6 3 2 4 3 1 1 1 1 1  
0.2554899095733602 0.927854173025374 0.05200080035764829 0.23538129485178177 0.6103918425152606 0.2512138465391869 0.590756073553717 0.4413676768279816 0.10544616727110881 0.9594915471949634 0.027884664818777827 0.5111402952233322 5 4 6 4 1 6 4 3 1 1 1 0  
0.21260320986429523 0.3897409953509952 0.38818922072189344 0.5990710901937796 0.5624802840456469 0.9302789880606507 0.5920671950296218 0.026512368741882203 0.158960111522418 0.6814475487244075 0.7685750034372639 0.43534529227250096 5 2 2 3 3 6 3 5 1 1 1 1  
0.125049816666449 0.2775341261135672 0.7343114215992665 0.2464997685970827 0.6729629188307464 0.7731924662503257 0.46682354420024563 0.38168819719203007 0.2503376912882337 0.3325327141257853 0.8674957813527048 0.27169055823916954 7 3 2 5 1 6 5 3 1 0 1 1  
0.8788926889772595 0.2910710990494375 0.37477276236516527 0.2166665370682307 0.24722159362757135 0.9275537219014971 0.7721278848056367 0.9715587672386363 0.12956205298350507 0.741010802682502 0.21358106438788899 0.8760287395379529 5 2 6 1 1 3 3 3 1 1 1 1  
0.20309679214317738 0.628112587771049 0.736250018579343 0.48181506219451975 0.008568331671050755 0.1522666835950661 0.19692105124529483 0.08912182676262786 0.7293238200843246 0.6108037313022597 0.44919505605312643 0.9295538361575827 5 2 2 5 3 3 1 2 1 1 1 1  
0.15733793718491923 0.6680268800057876 0.691424806627722 0.9936298232002052 0.5980390945383058 0.10462356006036444 0.47193205639184943 0.93648649756608 0.2021533004440772 0.796598940490925 0.3453726053737236 0.8198463654761005 5 4 7 1 1 3 3 5 1 1 1 1  
0.602177723938499 0.27180874391085186 0.14823530374426433 0.22652760808382758 0.7009401470314816 0.5104925982320064 0.53717954056682 0.41433180068752673 0.6495869504657484 0.5697666091738962 0.966596815008747 0.8515574239714874 7 2 3 1 2 3 3 3 1 1 1 1  
0.23877186782152304 0.8691505260650035 0.20047771557814398 0.20164578314378848 0.3086910760541498 0.5828350040673183 0.9328530248127375 0.4755629611287992 0.06268411803496265 0.7692723046613474 0.7514833806362156 0.2898799783685795 7 7 2 3 2 6 1 2 1 1 1 1  
0.5389820561642273 0.5128891922092127 0.9050890931029519 0.12473676159884206 0.5863214266141897 0.9414659519149899 0.17356022911073005 0.26135262502245843 0.8673539919441962 0.15971032587026718 0.2989064453506518 0.7028619008207024 7 2 2 3 2 5 3 1 1 1 1 1  
0.5565795226963006 0.5331934721317574 0.6452251087846852 0.2716021249162572 0.04951000322181345 0.14995407023336702 0.37598736282127687 0.07619892905407216 0.4121270022870827 0.5941053161677201 0.9967584986109039 0.166249861847583 3 2 6 3 5 3 3 2 1 1 1 1  
0.42083163318458694 0.5433010519013095 0.7964693229476391 0.7152941921631323 0.11249300713273444 0.6027167918565075 1.0924126188865571E-5 0.98249883030049 7.0249654870826665E-6 0.30514583682823254 0.136795023730853 0.5515778008568304 7 4 7 3 2 2 1 5 1 1 0 1  
0.7346303181732251 0.21592043227586655 0.7422463258551459 0.8514796353150043 0.37843272599645605 0.664116853990374 0.9539868385882583 0.25466933581346873 0.7147416178852151 0.9903025782086037 0.6768944185802035 0.14352310921403594 7 2 2 3 2 1 5 2 1 1 1 1  
0.8136043994789635 0.7238336817292417 0.003439823898914198 0.6531164984074675 0.14329672775638586 0.14851943193715278 0.3046892180120981 0.329142655607785 0.010083181757718019 0.5526616551049939 0.4668711081058687 0.48781263538512826 5 4 2 3 2 1 3 2 1 1 1 1  
0.5624651032834738 0.3653627610778056 0.7053895821749542 0.5675559513335554 0.27937124682289505 0.27686052986532567 0.7687548151034805 0.23889408924598002 0.6034533498383614 0.3355652558506907 0.956953697080168 0.316473075308896 3 2 2 5 1 1 1 2 1 1 1 1  
0.9383017391918214 0.4661762246014857 0.04236001864774227 0.143219664448746 0.091560987715078 0.47195921749540476 2.3828921686369553E-5 0.8899588031923237 3.4681675617674276E-7 0.5646552880411884 0.8077294405855039 0.4112433647853513 5 4 6 3 3 5 2 1 1 1 0 1  
0.9739433801102748 0.029125832216865544 0.10162483878258466 0.9245831325182103 0.9403049286062399 0.7091621026430809 0.37538796332932 0.8672195898683633 0.42371951855800527 0.9905769914610287 0.19020459118501093 0.1003633307138328 5 4 3 2 3 2 3 3 1 1 1 0  
0.5117135954099251 0.9036222337746111 0.9075285317625692 0.7468407394486389 0.566860254680105 0.10234889094829622 0.5796161925643736 0.7328306878066784 0.8182058148833404 0.19430778770611512 0.4312402627997056 0.9848226457836123 5 4 2 5 1 4 2 2 1 1 1 1  
0.6705077519983769 0.9414727960776802 0.4769034471836775 0.1659918743540703 0.9683131320280577 0.9896496543909616 0.9728543917988481 0.8086843683205219 0.7118582399870229 0.9318371622558981 0.6691764912815159 0.7227573409533834 7 6 2 5 2 3 4 1 1 1 1 1  
0.47863443450594834 0.053134096335143835 0.5809659026565032 0.2859406368678022 0.4910551302167308 0.09131868832705607 0.39363921901728444 0.8514700261646602 0.7265122866478564 0.5187119514003667 0.013886748718922204 0.04780412759673825 5 7 2 2 2 5 3 4 1 1 1 0  
0.7333897488886062 0.43109570823520404 0.266975473533225 0.036938794162069244 0.7839079778138313 0.5256923830687378 0.9583532202437324 0.2524032826251731 0.5297371812117021 0.8515842321502407 0.2569650726980788 0.05279100841520257 5 4 3 1 2 1 6 1 1 1 1 1  
0.8932308581065469 0.18130760688441575 0.9071919559497131 6.539673619782513E-4 0.6842651506780417 0.9700943714916227 0.28098299089584655 0.4357913177154848 0.4025236797139925 0.15182695851639366 0.0056294324743041205 0.37584378704660837 7 5 2 3 2 1 2 1 1 0 1 1  
0.44915449072791475 0.37024939409982693 0.6840817447426849 0.15306978378996544 0.3693906481900632 0.959573798078337 0.5336525892137646 0.19128826051423647 0.36138132128109923 0.3441439029489567 0.9268718051641301 0.9557458963427097 5 2 2 7 3 1 2 2 1 1 1 1  
0.3168608817626074 0.3271896828436559 0.5034202414809223 0.8104310243566025 0.16072845164176106 0.42821178800644305 2.6372390575667712E-5 0.9683880712781121 1.0638153812624857E-5 0.8895001965958815 0.18304352454401532 0.01952389766823126 7 4 5 3 2 2 6 5 1 1 0 1  
0.09206997109145212 0.7527848078743192 0.8409363823451034 0.13571354686550655 0.418719779028757 0.24342296139034467 0.598848169430654 0.8524700004361173 0.10819612768024878 0.28460144093111317 0.6587846432938829 0.15658231407048778 5 7 2 5 3 2 3 2 1 0 1 1  
0.6375861892903832 0.45140351274388485 0.28653892587868196 0.9418108423460514 0.6230735466299545 0.7226252140714733 1.7840864565312715E-5 0.9949464628875616 2.1321213652000613E-6 0.07285996996578047 0.5257771882520742 0.07798507594822868 3 4 4 7 5 4 2 1 1 1 0 1  
0.9096554657842477 0.0866622046888526 0.8407403850971717 0.04576588651996743 0.8672817775632184 0.0317927156039331 0.0028377532895740637 0.623713871094036 0.06453757649897958 0.8416794990498262 0.01695175648709113 0.4474016110625273 3 3 2 5 5 6 6 2 1 0 0 1  
0.8810829859347039 0.2352155874315459 0.12075596214361889 0.35916107326682045 0.43461430217408153 0.028439355012567988 0.6175023503422563 0.9218703678622321 0.2733048688516101 0.9464904980549476 0.8734628933827067 0.7244527648103244 5 2 6 5 2 6 3 2 1 1 1 1  
0.019071962210575708 0.8569085212286482 0.5365853730012268 0.8730915149128723 0.811523017734696 0.7604455909488862 0.4113607536371851 0.6184673850444875 0.6339026916345742 0.29414627096155976 0.1963998325368998 0.10062348567470836 7 2 2 7 2 4 5 1 1 1 1 1  
0.725372914026626 0.2872971871559816 0.5901775646996685 0.4490529983615378 0.8009643240101654 0.4274812650036713 0.034291473792486565 0.32085733783711257 0.132732087010207 0.9143387656087206 0.11870267577562546 0.6469439645561409 5 4 3 1 3 4 6 1 1 1 1 1  
0.9452828219053024 0.8569129027802793 0.25630813456295676 0.9548240230557499 0.4556634361092436 0.6236279734661121 0.1739861260547432 0.7776790949184573 0.4729616857312607 0.9081005728104824 4.6226017002895135E-4 9.329311317693642E-4 5 2 7 4 1 2 3 2 1 1 1 0  
0.2095495678380682 0.9561237419481662 0.8545763257260658 0.55159504745613 0.2205439662426304 0.5859559670953898 0.15804177383218038 0.7403580883888173 0.5901320792071345 0.509977080001183 0.7491803264709793 0.2591211731162302 5 6 2 3 2 5 3 5 1 1 1 1  
0.35979672207375457 0.8397520961095214 0.2783970305911041 0.7934140110363501 0.12113558582848039 0.994506876019812 0.27152643049861197 0.534361096290029 0.5355770400298024 0.9477347825895014 0.02096706944228549 0.9372836953244015 5 4 2 7 1 6 5 1 1 1 1 1  
0.6352110942854327 0.39183175408682724 0.38001465045156557 0.5347844931505326 0.8928238590094343 0.42689145599752004 0.9718638902263067 0.5053159426861131 0.24092197624848688 0.7965596867773371 0.8498714069692601 0.5714015079256908 5 3 2 1 3 3 1 3 1 1 1 1  
0.9592159850419175 0.2452393418535118 0.3296431163685733 0.4923468540347069 0.8767506806341868 0.5417122025386728 0.45416113142121417 0.9493910318019871 0.6957913577315741 0.04450880192255897 0.13873610578177606 0.48491754314482105 5 4 3 3 3 4 6 5 1 1 1 1  
0.9585330804564363 0.2681336832019472 0.8404789790823034 0.038570031367822916 0.4217225838806293 0.191954675475831 0.8093799162373181 0.13294709159119653 0.07152442571260037 0.3841757889078294 0.19346966815859856 0.5406262370146188 7 4 3 1 2 4 3 6 1 1 1 1  
0.3963894125709472 0.8633896401246058 0.33034590709979583 0.48541020062118995 0.566242371016686 0.9837361771305617 0.8489328843454398 0.3430226683258977 0.6094647431805862 0.07845758908156159 0.686538521366708 0.9061064023649772 5 2 7 1 2 5 3 5 1 1 1 1  
0.6494264212459019 0.9297748330712475 0.8806837310397061 0.5794393414164739 0.15352688688989782 0.12981534188714772 0.854190795855893 0.7454850052995204 0.13933126722473654 0.8649585547710531 0.5574154867426527 0.012408437112925972 7 6 2 1 2 5 2 5 1 1 1 1  
0.9656088822304438 0.04760868017461667 0.47780149882404443 0.5797213213223569 0.2091726608434626 0.27770071569122085 0.11814567571269649 0.3400624426522961 0.7852831701625201 0.35370901347366346 0.9616991421528551 0.14910469416935873 5 2 2 5 1 6 2 2 1 1 1 1  
0.4315740725218945 0.08047943419436054 0.7332597869956422 0.9173114802696591 0.5870670281711644 0.18594392118400244 0.784145861781387 0.9333413913549873 0.2901801522624158 0.9986837214380647 0.5655991994841262 0.8449665427798009 5 3 3 6 3 3 6 3 1 1 1 0  
0.682313314618981 0.2219403464125546 0.17049189372783968 0.44886980086028727 0.2875657020205694 0.30578616042295537 0.9326731291536032 0.6693012773281964 0.3696192100638206 0.6758033186854437 0.5744217178972434 0.4210467113361331 5 2 7 1 3 5 3 2 1 1 1 1  
0.9554813714427374 0.043965756786563254 0.4789819723642839 0.6292803098313662 0.10439930303855173 0.4223736809964649 7.450913441959653E-5 0.7864893774341277 1.3235136504299983E-5 0.12364291478120386 0.7659542284414406 0.113347512491277 5 6 6 1 3 6 2 1 1 1 0 1  
0.5043593507174562 0.04286751715275515 0.1194546286184619 0.0017224773725323266 0.16650647912052524 0.3957942032439756 0.6975518618597779 0.1959618292901722 0.19053928040945578 0.26750007433774925 0.764794520674295 0.22920577972284575 5 5 2 5 1 2 2 3 1 0 1 1  
0.22734887882669125 0.37516912349634224 0.520854166299641 0.8889082583878756 0.008967392221592485 0.6698412399672254 0.9886349914267514 0.6819817130145611 0.07550463767993366 0.8701493345834803 0.357561644613145 0.4562862189907241 5 2 6 3 2 5 1 1 1 1 1 1  
0.3483884869567874 0.8632477183917961 0.06341028396495155 0.02230091346282461 0.8851172188808276 0.21980886351500128 0.5326170179149949 0.2821989377938645 0.5966411722261052 0.16187188178344256 0.8167223735569639 0.5394128620592091 5 4 2 5 1 1 3 2 1 1 1 1  
0.9392836693606663 0.062348740789227954 0.4456732040771264 7.586114127395294E-4 0.7499199813219692 0.21281515891979685 0.5795028296361869 0.4303522670714853 0.0038014975971049705 0.7508166947406925 0.45278943221747125 0.9490717353259028 3 1 3 1 5 2 6 6 1 0 1 1  
0.6021925493419046 0.9683370776745728 0.6289772009134302 0.2502306271826874 0.8313622716939039 0.8116966006520856 0.08572702680098997 0.21238587623915617 0.05888081201122411 0.8785995017527963 0.15180279779185202 0.04339919335189035 5 7 2 1 2 6 5 3 1 1 1 1  
0.7650896004601334 0.7319011028191966 0.7135026754224214 0.10559260939583619 0.8727179634041986 0.4411540675632732 0.9889706342588642 0.4978137001035945 0.246014413394801 0.09736803268413041 0.355702296129123 0.6130742368007333 7 7 7 1 2 2 3 4 1 0 1 1  
0.21113761577088516 0.7645818696232294 0.760606460947676 0.2710167584976569 0.39559485509717196 0.003275916243065391 0.46653326695422015 0.7714698547287925 0.9703787155892201 0.13737941425308947 0.39096234316129297 0.9623266781930635 5 2 2 5 3 1 4 3 1 1 1 1  
0.9641034856669713 0.6733234461362441 0.9550990083361957 0.30242090795769866 0.36789996040160056 0.8085184914512399 0.9519071519700482 0.7796170449038736 0.0209558978678974 0.3825282416315036 0.6191178902409085 0.1542487232156174 3 4 7 1 5 4 4 3 1 1 1 1  
0.7774275318934203 0.08173073222928445 0.1230831624120049 0.9778121968133078 0.6019262841831958 0.4931909623917685 0.5837212649619844 0.7942940591187554 0.6885027351320036 0.9845370852411135 0.12471976233870018 0.7381592940123293 5 2 7 3 3 3 3 1 1 1 1 1  
0.7085288025377235 0.9912893967437119 0.8331320856327515 0.7574166468855704 0.10089315073556417 0.240102318245782 0.10102618224503086 0.35449513567700053 0.017915456515040007 0.42877229594427924 0.9368386816299518 0.1743748750998872 5 2 7 7 1 2 3 2 1 1 1 1  
0.32137926811841383 0.3008251991057702 0.47677152830309477 0.3517298932664033 0.1115782350876993 0.4829151191248843 0.4341336181641509 0.09901681124379877 0.2681670430434577 0.9039509313066331 0.1867664556809361 0.4977698984840394 5 6 2 1 3 1 4 1 1 1 1 1  
0.2958310398545651 0.8787308554122565 0.5669399631007951 0.003127961797353508 0.03531088631828962 0.8123010242528667 0.40478890109117105 0.9029046905812605 0.938638069139311 0.5388234867551549 0.4205402850172208 0.4892530736116884 5 2 2 5 3 6 2 1 1 0 1 1  
0.7152484165447675 0.5969899050837295 0.6996606674763568 0.5291837035671224 0.6783148574163694 0.042677772824367126 0.7049574049894815 0.014780656310185117 0.6821507865375582 0.968877884519692 1.4168949873140786E-5 7.1031045977206246E-6 5 4 6 7 1 4 1 5 1 1 1 0  
0.018177100273895158 0.41955398980849073 0.6389298983570917 0.7365848925079838 0.9980568610517176 0.8017533982569779 0.8731488589436234 0.30979666200234773 0.1423571187721005 0.1696417840867098 0.18581057292318318 0.10042720093617843 3 3 2 5 2 6 3 3 1 1 1 1  
0.5066107797556907 0.4051029933985216 0.12434989414567717 0.4692419954610387 0.9573837377453274 0.8281876984049779 0.014500633731615864 0.8151070869765893 0.03958472208747926 0.8448285867983594 0.8485371298561541 0.7967140482269703 5 2 3 3 2 3 4 5 1 1 1 1  
0.8005506144097744 0.2845928214706806 0.699575092476744 0.39037039949278907 0.8609803575349158 0.8558739463315329 0.0014251245279711467 0.9965617911906469 2.6071431180975553E-4 0.2048757453528747 0.7982021568213621 0.3570123496476357 5 4 2 3 2 4 1 5 1 1 1 1  
0.20505281699068653 0.8250982392461146 0.1013356553330301 0.03158392080881897 0.8161571387718 0.05225121269507267 0.03369509206279635 0.25782709194787945 0.8695999131205411 0.5097673903176922 0.9365413220180167 0.22243678316902832 3 4 6 3 1 5 4 1 1 0 1 1  
0.030946615678211387 0.10433175067217856 0.3442167176580613 0.6019114168932108 0.14248996696425806 0.3249624276699695 0.45577250644251516 0.97339359092081 0.4674476062412698 0.2134922506172665 0.9870383858865752 0.8236187123193836 7 2 4 1 2 1 4 6 1 1 0 1  
0.09488665786869815 0.28055578348499804 0.8316533196312996 0.9567424073092707 0.08998234823058643 0.6364210441775883 0.010038579318546847 0.8280155230107558 0.23513164323145552 0.4968152794662801 0.22288905464354652 0.08548740158510859 5 2 2 3 3 5 1 5 1 1 1 1  
0.500510208365339 0.6058730059269006 0.6335070190379429 0.4752807982413834 0.10920137621150469 0.235823742305488 0.4054117100472451 0.7352674693408 0.7967562171276025 0.9407438982533401 0.5007756605652904 0.4232941902747023 5 6 3 1 1 5 4 5 1 1 1 1  
0.7358107816602171 0.7771825669152093 0.6370426165560258 0.3440360671947645 0.8719329294204515 0.33105029714240675 0.7643797521814766 0.7105982243579139 0.5823785844367141 0.9431165932439272 0.1455993762180414 0.5820436312872728 3 2 2 3 5 4 4 1 1 1 1 1  
0.6000722779090396 0.5557343219077302 0.4654039306531612 0.13304943063319835 0.7693522614426437 0.17201997034089223 0.4784004010666752 0.08898802325562757 0.47777804217345127 0.6512994179453333 0.5837634564953967 0.46672211627650895 3 2 7 1 1 4 3 1 1 1 1 1  
0.41546797680476377 0.6898489944098356 0.8749507922148423 0.6701592263416376 0.18618889188193977 0.7581871399784441 0.5860827419030957 0.41178464148156174 0.1679173392247203 0.8210935459856166 0.2998192588740476 0.3045846736505092 7 4 7 1 2 1 4 2 1 1 1 1  
0.9809282840041219 0.285279515537461 0.6422729122842757 0.18445962883455663 0.016163858490540306 0.17068524252607054 0.6796380171854262 0.95015438305888 0.5990353832781986 0.6062042095169995 0.8321949973423267 0.7109758227752809 5 4 6 1 1 5 3 2 1 1 1 1  
0.09571222966376883 0.6260866306416593 0.4381819787599838 0.7244932650144709 0.04020135300698907 0.8665424628647631 0.9087140197013459 0.5313561645217572 0.43394593520382985 0.929882046041421 0.20168132854799906 0.47487579995056195 5 6 2 1 3 1 1 3 1 1 1 1  
0.541822683193104 0.6331618761416706 0.031872003368726254 0.04710635042001787 0.14690902872523842 0.23709318279496622 0.4186001370254667 0.2930766430760866 0.5391661769689114 0.4751082754136017 0.9942966632251429 0.8927190053159569 7 2 7 1 2 3 4 5 1 1 1 1  
0.016021613333156177 0.4729271641718665 0.7527924203432121 0.907940168642521 0.30836838372198017 0.4749335903729657 0.01343730752659919 0.7106187577931343 0.6235196406135285 0.82996609961103 0.7705759809867162 0.48512833990629034 5 2 3 1 1 6 6 5 1 1 1 1  
0.7585840701516247 0.07111435888736967 0.33621987302394574 0.022548351093238578 0.8339306992152684 0.9780290278187656 0.46542528430463204 0.7235736686886194 0.552766396588941 0.008710315189912617 0.9035175649014104 0.37120816955208064 3 4 2 3 1 4 6 1 1 1 1 1  
0.16059392683054724 0.31545466760148966 0.6381775305700655 0.1079767593012245 0.9161989718464462 0.7149088007171454 0.3173509072498999 0.0074107380427050895 0.8430526717170317 0.4731148792501797 0.21283935708839227 0.6314852782725761 7 4 3 1 2 2 3 3 1 1 1 1  
0.16894035609280045 0.2621588723968231 0.26893740534075683 0.8531333091563216 0.6495031698903273 0.2511254622976859 0.04528500035439073 0.9662020281394049 0.6829065367748716 0.3240660164120481 0.002864167805503505 0.012944523950278189 7 6 7 1 2 6 4 3 1 1 1 1  
0.1707191660885226 0.09114091037550343 0.5956790559704092 0.7132363793897631 0.428359903850618 0.5830163928779617 0.3442984540441951 0.6255185974629889 0.42728015163381866 0.6581402862072913 0.8139277732310815 0.17485694557153186 5 4 2 5 3 6 6 3 1 1 1 1  
0.746537845403684 0.29037188164885336 0.4809647231612407 0.538318120164897 0.20308101126047925 0.9640802075294894 0.7502410214946379 0.9930328367155923 0.03713834677069747 0.9093332582125176 0.04592547465335067 0.9483454456899679 5 6 4 1 1 5 3 5 1 1 0 1  
0.20892605572799108 0.040801960764838295 0.2625861841019596 0.11319322243936775 0.744861126416701 0.26996624870344765 0.6686952287485255 0.002107882033479889 0.5488130793857209 0.10717078421417374 0.11277549848974028 0.7662434917916069 5 2 2 3 3 1 4 2 1 1 1 1  
0.3608837043899449 0.7408406041100526 0.0020749786347511734 0.654862774591947 0.011398125663294015 0.7418874149487938 0.4345790095312976 0.86756244178136 0.21054910333407922 0.8191370523042839 0.14467602890651615 0.07413046412533589 5 6 2 1 1 2 6 3 1 1 1 1  
0.7993433980860112 0.6114428447355099 0.860092280600725 0.09343440099679967 0.42617460281741965 0.14943526661504902 0.3226388568040942 0.8857479050455027 0.6607604048344391 0.7634139998975176 0.15668821794613236 0.19221346551738194 5 7 2 1 3 4 2 1 1 1 1 1  
0.9771422600515218 0.9160581885343284 0.6310405868282608 0.7605173713801339 0.39820073251193916 0.5060279053623289 0.2029254422712645 0.021887912692869778 0.5219475122856084 0.29842229614139437 0.43647720422681757 0.8321364424871984 5 4 6 7 2 4 1 2 1 1 1 1  
0.24636886647258113 0.3601418597767464 0.29871131968863585 0.3858344808762623 0.7390308047653258 0.8380771001460637 0.4974722766282986 0.5062311335427854 0.2104845424916313 0.8736249807459386 5.2927496481381645E-5 6.309423849854695E-5 5 6 2 2 1 6 1 1 1 1 1 0  
0.11479161005746019 0.06664124254991448 0.6035507566291514 0.9258174350010604 0.6673684895194573 0.32822156631598853 0.5128196216403569 0.5878301626665734 0.6894666431781584 4.821301583647821E-4 0.4909819320636638 0.3664065175755793 5 2 3 7 1 5 3 1 1 1 1 1  
0.09964752129912254 0.18251869364463355 0.7742713830429868 0.7049805976459148 0.3409093279276679 0.4897572734722899 0.7718618673467839 0.04903227513405978 0.19952401567269412 0.7998655581630141 0.3664328259315775 0.014317070040560431 5 2 2 5 1 3 3 3 1 1 1 1  

0.5702070114053626 0.7123738108084212 0.9992958725243143 0.17541485313327873 0.827153914654857 0.019958862906091245 5.901187628859655E-6 0.9229392168113122 4.6028493480346945E-6 0.8489492889490391 0.6678160191101419 0.04876550973495808 5 6 7 1 2 5 5 2 1 1 0 1  
0.31925314327476534 0.5610977532203583 0.17691762391166965 0.5319770002646874 0.37549504680692153 0.8600655054531765 0.4007667897526205 0.5661032581172826 0.6010814155076752 0.27666507536551294 0.9435763193464842 0.27278959088693283 5 6 2 1 1 2 2 6 1 1 1 1  
0.7987500022535063 0.8295662401264432 0.1463166029003518 0.8069893286118892 0.9359097896438882 0.9341714786895804 0.739798957552182 0.04702461297912294 0.8940456991761205 0.5567422072852453 0.34417762289476317 0.013546402231624977 7 7 6 4 2 4 4 2 1 1 1 0  
0.7201420820078607 0.951533866043669 0.43231420457940656 0.07287119893592225 0.8615686040073142 0.478993259257885 0.9672636988163547 0.025628865301011803 0.12125337452582993 0.45763072733246624 0.1274672850358952 0.714322645790961 5 4 2 5 2 1 4 1 1 0 1 1  
0.6848434191348758 0.3353166214587863 0.8794661788273443 0.9080855323482107 0.7496750978459217 0.3593786412424954 0.3373144560978996 0.8383936875591178 0.1096338250712785 0.7240462847720119 0.862604045855741 0.37917496161780473 5 6 1 7 2 2 6 1 1 1 0 1  
0.06067517957008839 0.3026767039500444 0.0015835719760093799 0.031405584377544836 0.19146690280571288 0.13275917252398015 0.10769065708867429 0.7858051309147671 0.34959119777082553 0.40758265025055274 0.8561925851497996 0.12159404278657704 5 4 2 3 3 4 6 2 1 1 1 1  
0.5578379125928774 0.8502851724444933 0.6215871658023379 0.5871779379727021 0.5748085838602759 0.805092603825295 0.3516955824911664 0.3451264882874789 0.13733955074205223 0.9466340377118256 0.0042384006345986425 9.317313894620545E-5 5 6 2 5 2 6 4 1 1 1 1 0  
0.4778489887609777 0.6786771211752521 0.2100676210224917 0.034319609067198664 0.7424607325217218 0.12170023859075105 3.2617877417058776E-4 0.8340257835149836 3.132292257076025E-5 0.011631605066583919 0.289154012940815 0.05796779301741402 5 4 5 7 1 5 4 1 1 1 0 1  
0.11900616324095115 0.991047328390626 0.6565883773198797 0.046462838965452447 0.191139001047196 0.02621869369084684 0.31721953539515213 0.9648440913703271 0.33945798138784644 0.6474817534420673 0.03203459347464094 0.7372677699331474 5 2 3 3 3 2 6 1 1 1 1 1  
0.06243540983246637 0.12640136519171252 0.555896789135012 0.1298588452924334 0.9203401057846207 0.44483759268516654 0.7629210925947277 0.3575028193556018 0.44580733550110996 0.4720332206826176 0.24797716313153972 0.33475490849252 3 6 2 1 5 1 3 2 1 1 1 1  
0.026658753987962747 0.7250126457507594 0.2188868614526575 0.5972210413868331 0.09348546411506872 0.42004565905993696 0.39498069774785627 0.9566620590650704 0.6414522962026132 0.7889210237704362 0.3821352229047983 0.9841482720113219 5 4 2 3 2 4 6 1 1 1 1 1  
0.7951071208536488 0.41546786617600484 0.6445369584125624 0.44238093824691693 0.6157939784256377 0.5668525870874911 0.17609668860893685 0.5857410880689788 0.7887153519829015 0.18037887441487704 0.020202499187392066 0.5183587837139028 3 4 3 1 1 4 3 3 1 1 1 1  
0.11319755627144978 0.41118890508545114 0.7589444679198364 0.8285994666694072 0.24168129668011967 0.11972028772232818 5.742358056117121E-5 0.6800075163878423 0.022032196033121156 0.7011459008287675 0.26699708202396083 0.1460017791252345 7 2 1 1 2 4 5 1 1 1 0 0  
0.6231586325594519 0.2282827702935003 0.702431750026246 0.5701840028632725 0.32766364655958125 0.09740575167135043 0.41075859577938567 0.2612113914235603 0.14435999471917862 0.1578580924976632 0.0073050158529199515 0.5953409168839605 5 6 2 1 3 5 6 3 1 1 1 1  
0.35128050669649435 0.28030747521747534 0.8289972963099581 0.2960841358947669 0.41673255647476926 0.09193002185342236 0.7781550373906513 0.8706984896281158 0.22392812652130997 0.9866937283233888 0.7775756001051248 0.44721937854296867 7 4 2 3 2 3 6 5 1 1 1 1  
0.6506057247221942 0.9815548616935399 0.4510499472039414 0.03956774765715529 0.6386412252135841 0.0077437981733840915 0.09848186499564542 0.3014030674743775 0.29336246058531307 0.38030551306454863 0.9624879309219359 0.7617993222251425 7 4 2 7 2 4 5 1 1 1 1 1  
0.47190784983957246 0.8621633518875016 0.7239215211156463 0.9843293640893186 0.21446716210962075 0.03231230204082548 0.29258244900885627 0.4443561518770251 0.8137399376672008 0.9998471390336059 5.788868146940299E-4 2.8685680172684056E-4 7 4 7 6 2 2 3 4 1 1 1 0  
0.9461167474033892 0.9702889359058601 0.28096739882508914 0.7144269644359884 0.12911484217691366 0.989747093930654 0.1498787934595049 0.625475559826342 0.5193644290218558 0.7563978372429174 0.11926430706689917 0.04177722297188325 5 4 6 3 3 4 4 5 1 1 1 1  
0.39018528785365797 0.6565049905031182 0.548248271499008 0.00202133011479097 0.83306667425574 0.0049173162610404025 0.0062131893664444 0.23888540219922919 0.269929900876786 0.7117673860737634 0.45997687545475957 0.3410835880093315 3 4 7 3 1 4 3 5 1 1 1 1  
0.7879536985110099 0.1812339926288095 0.3339211606652132 0.4473694462044112 0.06452825351093716 0.5236185950250739 0.7004343720529733 0.27877595259869964 0.14158975040675925 0.5019957425250983 0.6641535824249462 0.9930593004808723 5 4 7 1 2 2 3 5 1 1 1 1  
0.5739411589981633 0.9909838642895189 0.15030434051777175 0.004973713407834136 0.932131246681035 0.3011847751451697 0.022977582530022356 0.16758664470525786 0.8522034027328986 0.17737312593719315 0.50706618566227 0.8950206504102115 5 1 2 5 2 2 2 2 1 0 1 1  
0.8334456647364972 0.7554441538574043 0.2920218002031554 0.7257356202528893 0.47502690814562876 0.35895037558080783 0.988096633012184 0.06599068084564405 0.8852613778586044 0.39293993172597286 0.1979852228495777 0.039039116811136254 3 3 7 6 1 6 4 4 1 1 1 0  
0.12085649877804253 0.15674254787653305 0.0898228400188806 0.1401316755911757 0.8606484302741304 0.5663563177799062 2.1195219071373956E-5 0.9108699218954891 5.527776275580237E-6 0.8267111605402246 0.23887409495970033 0.4184656181412904 5 5 5 5 2 4 1 3 1 1 0 1  
0.7739323911111651 0.6703620361856373 0.2554765210345413 0.6336995804062553 0.5406050330110754 0.6447927671411928 0.8298885435937111 0.9394684545722323 0.8020134549079407 0.6346017583471234 0.902696212328897 0.29999866304731015 5 5 2 1 2 6 4 5 1 1 1 1  
0.023939753337512207 0.5632070550402578 0.15308472130528278 0.08193203953244817 0.009918943597737623 0.8680567343923021 1.2985246607807172E-5 0.9460753351109079 1.1170212611202738E-4 0.6300522222915539 0.8198616965828021 0.7991733025026861 7 4 2 7 2 3 3 1 1 1 0 1  
0.04190859687613228 0.0273499397397772 0.34572333165199015 0.5007968221623965 0.9351703595534003 0.5504151922235884 0.5420842200693936 0.15959371675060136 0.10185991307807635 0.8572098191444744 0.3125223676584478 0.8537299548063731 5 2 2 3 2 3 2 5 1 1 1 1  
0.04214840368637651 0.46472255702691895 0.9275987359483528 0.4635244521227801 0.0422316996855501 0.6954866477429368 0.5571903461245677 0.20008919803077105 0.24707473826513068 0.31332659202813457 0.2399654623161873 0.40392092501379173 7 2 3 3 2 2 3 5 1 1 1 1  
0.5064402759642435 0.5825817256008579 0.5688062345974902 0.3174705525992953 0.13583398755072904 0.10026970271491736 0.9960922093437403 0.6309982554633666 0.9652095927938034 0.26850059314559876 0.2123530907345313 0.21197575912394828 7 2 2 5 1 6 5 3 1 1 1 1  
0.1910522903359694 0.45581284850813353 0.5302575872677205 0.4925889347635213 0.6822573720697376 0.26518489033691006 0.7564011850590685 0.187245177978836 0.9590493372632001 0.752177124569517 0.45339223047288485 0.33153490824874976 5 4 7 3 2 1 3 1 1 1 1 1  
0.5636639296186929 0.9402337793534651 0.8705856337537609 0.18766364734803792 0.07352823131599974 0.2234587415209482 0.28929367898264136 0.9085788992161302 0.09067202903080239 0.02719600005128034 0.28941920894623496 0.821892474770602 5 4 2 7 3 1 2 1 1 1 1 1  
0.1663068574690583 0.8985747421038939 0.21486955273127833 0.7166666175560451 0.1328530295820351 0.025724288862191635 0.1496348572040842 0.39120271342740004 0.49160578292720647 0.1719269208691282 0.28124236085492016 0.8313209548724304 7 4 3 1 2 3 4 1 1 1 1 1  
0.5293799670257305 0.08688537723081345 0.3096127974094287 0.16279509210396803 0.6816722859417829 0.5610311355927158 0.43850291580311007 0.7987438452844033 0.34531512265459646 0.7221279414961443 0.21360529855131236 0.15923033464455044 7 4 3 1 2 2 4 3 1 1 1 1  
0.14590203303211813 0.6122363939812729 0.4215112518023314 0.5979222253951814 0.3947372692078354 0.14150243226031928 0.3812140266528255 0.2110641377458527 0.18948606297654105 0.4491140241688515 0.24610953632133953 0.512926716160725 7 2 3 1 2 1 6 3 1 1 1 1  
0.471908323896583 0.7889662472908247 0.453753393917967 0.29315867751196123 0.6431361867210293 0.9938724288578956 0.28786325563017756 0.08111192771371989 0.8187381890853339 0.49120252886546845 0.21619433596338103 0.5306437006455885 5 2 3 5 2 2 6 2 1 1 1 1  
0.6723970925908197 0.1353115574322815 0.21947434269901206 0.4659579711419442 0.4976010683350927 0.3795472350916633 0.006902043269857262 0.9910747138214437 0.1570012785344942 0.9887681987868271 0.45470004269956676 0.6126872754434199 5 2 3 3 2 3 5 5 1 1 0 1  
0.5354475200316822 0.70606062955206 0.30170022262254115 0.91159036283018 0.6754658475107231 0.8808113983301697 0.4194977624020535 0.36123860198290975 0.48108923721594743 0.7730399802637402 0.587262728171939 0.43023924539873837 7 2 2 6 2 1 2 5 1 1 1 0  
0.10798674631344653 0.24498800400135828 0.754834990264196 0.6842620000595359 0.7858675844756728 0.7790606852479462 0.0015259353178032897 0.1423951586244958 0.32880312725932076 0.0545176772811809 0.9879310613189638 0.9547194021396539 3 2 3 1 5 1 6 5 1 1 1 1  
0.26938776275126586 0.7325185435208943 0.5099454130469259 0.0019130083980703413 0.9313136174379191 0.7323267301555162 0.7468212568408418 0.302983184874523 0.5303901676186576 0.9487251645271617 0.3079148374596367 0.8431060649916461 5 2 2 3 1 1 2 5 1 0 1 1  
0.5060427427110499 0.7489385337771325 0.340190489250796 0.5234539776470427 0.8366331961324834 0.5851538940824035 0.8532141321279441 0.2171019006309616 0.7063062758269093 0.8645186875153199 0.2166345608725364 0.06878847269745333 7 4 3 2 2 5 6 2 1 1 1 0  
0.07885111599889455 0.8379811647004353 0.013038691219078913 0.6915437171393972 0.41767689437148425 0.9360027068140748 0.7374440356910794 0.1828706400108442 0.6724881679617919 0.46841797796272633 0.04569100134644946 0.3686307850036889 3 6 2 5 1 1 5 2 1 1 1 1  
0.6636333763936741 0.6121391887947545 0.9238856001195869 0.8466520219753431 0.601662946447009 0.7666574119526044 0.9633829526159061 0.7389932932153804 0.622779074818079 0.5913046913622046 0.9261306632165848 0.7458745018846761 5 6 2 1 3 6 2 1 1 1 1 1  
0.1389285459387716 0.6115784601527322 0.43697764076314577 0.23532174469081601 0.8460215881255815 0.6325602865852471 0.12311420413994215 0.5222894704907723 0.9349760188574988 0.38372850701627037 0.709491869905236 0.8282970865019813 3 4 7 5 1 3 3 3 1 1 1 1  
0.31335139999108774 0.8345826450539628 0.19752883031416996 0.2154807488799773 0.7518211380526871 0.4151696666961557 0.9099294764693584 0.5305596625425721 0.35354088663106087 0.832379545246309 0.22806164628174594 0.08894840441696153 7 6 2 2 1 1 4 1 1 1 1 0  
0.096563263028514 0.8325806808925373 0.9797511050560115 0.3517398764081413 0.6610296650329722 0.12321559933659748 0.18097551956976102 0.7607606922299641 0.7907827072342093 0.34387699748061906 0.8445842235082681 0.7308072394372249 5 2 3 1 1 2 4 6 1 1 1 1  
0.1477412638653701 0.23797629884245708 0.5874330721061156 0.3067490679596454 0.5789695705911481 0.2865060481717176 0.4351029296994 0.5342673687433441 0.25333220818390434 0.13847012971865919 0.2563223341320065 0.6739818546744409 3 6 6 3 5 6 1 5 1 1 1 1  
0.49836215694799735 0.9206619534969762 0.4051586735933226 0.36157487668905786 0.8305075659197381 0.20370879751641283 7.785314577589652E-6 0.9986518073576555 7.667205315135559E-6 0.6367890414240659 0.2267465178035439 0.68222459160695 5 4 1 5 2 5 2 1 1 1 0 1  
0.3117054028774617 0.11271041857323977 0.24563370867332288 0.04737916269064196 0.9326566402481714 0.32995345232974455 0.4489495146465684 0.3410792428614533 0.7583015857309229 0.6110461874093621 0.09640948468458654 0.8497646826410996 5 2 2 3 1 6 5 2 1 1 1 1  
0.5090094393000151 0.5690510824034086 0.508333127229582 0.39395322892919343 0.8304173745895994 0.5702053825951152 0.9198960573369868 0.17355522197784773 0.8790667516986329 0.17567774658616092 0.7598304044930441 0.1908051608171411 5 4 2 5 2 4 2 2 1 1 1 1  
0.7084847219854674 0.7824363392135933 0.28059199061867734 0.9154639964905196 0.0632226684390277 0.08430263615893493 2.0945910566021566E-4 0.7430249438903425 2.569722899012427E-4 0.937997957170165 0.8798518890534077 0.5985428133090483 5 2 1 3 3 4 3 5 1 1 0 1  
0.7805085366609121 0.40334664737671916 0.784499023443761 0.2822069315796158 0.13164299421350645 0.5084119915868536 0.05045765644764223 0.6315925088841907 0.7588089452430554 0.6789408051879118 0.5138270014617148 0.5013079571076857 5 4 2 5 3 4 6 3 1 1 1 1  
0.12106876825891355 0.3047825871827199 0.058326721643884194 0.9731767498581484 0.1531177650048029 0.022418081827615954 0.11704835478762654 0.4968792243411141 0.45443679405069304 0.580565943656597 0.9337924102525045 0.8874064562525024 7 3 2 1 2 6 1 1 1 1 1 1  
0.21766895840626915 0.6812331921530012 0.07622549895422312 0.6164087262384245 0.6058070559687755 0.3500105450774781 0.4756374680158145 0.7665122967987895 0.11136379672985451 0.9037012877769404 0.4054044203314615 0.7265556963551083 3 6 2 5 5 2 1 1 1 1 1 1  
0.26672926089531757 0.07357791706348693 0.37425692919366493 0.00737366596350604 0.23073675799469698 0.19510501257756543 0.4788428550844156 0.9088795809077935 0.3351429208950644 0.5691886605158902 0.7348869466915082 0.28458746414377933 5 4 2 5 1 4 6 1 1 1 1 1  
0.14963155267218248 0.7137349285229296 0.9011714546677142 0.1832377497009876 0.05091169893091213 0.4387567250161498 0.8041815342214981 0.6419159097990064 0.9396902126368873 0.0848175932904191 0.7043170994590439 0.773565256276187 5 2 3 1 3 6 6 3 1 1 1 1  
0.011995869190382785 0.6093334353414253 0.7198220260706039 0.8644640349504292 0.012399857965462557 0.09861616069141602 0.3365564007713478 0.9545306227686503 0.4041777351948993 0.020241718891866323 0.6212520127930661 0.3724117318685332 5 6 2 1 2 3 2 2 1 1 1 1  
0.569701700921701 0.2059436491803039 0.7219675389277533 0.001166677366100613 0.3416098825342436 0.9770894968356187 0.2768654296154701 0.9483058918640528 0.8425436175091165 0.6567352094922719 0.2775377303148135 0.8035867295081527 5 1 2 3 1 1 3 1 1 0 1 1  
0.13703131619416542 0.9659631343377096 0.9824198245218023 0.9630588242598445 0.11835082503311978 0.5993618905305234 0.5670655816907713 0.9641176377706056 0.31858154978975006 0.25903299484624476 0.2626775731645786 0.028809927128248525 5 2 2 3 2 6 1 5 1 1 1 1  
0.1961997893598631 0.9865701785622543 0.8151027874107278 0.7466142543393337 0.7137605103636855 0.289548700536325 0.35578608655651756 0.15398562386629744 0.44102660460359067 0.37482019964678304 0.2695240024008074 0.5224411482985237 5 2 2 7 3 1 5 1 1 1 1 1  
0.30803157365538936 0.554122211425844 0.0835721276647523 0.6682345369084203 0.5697875821406805 0.113277446696905 0.49182754090747294 0.9459001323831012 0.14276077357334432 0.8861174221748345 0.7978034143209564 0.6549875283001457 7 7 2 5 2 5 5 2 1 1 1 1  
0.8065669762129426 0.5392525850318616 0.0714932912397559 0.9544648443262546 0.9242608413175468 0.546378709788044 0.9687435091442744 0.07321181299279411 0.719522074408173 0.4452827357369681 0.2800915218936531 0.3862077244230524 5 4 7 1 3 5 3 2 1 1 1 1  
0.5379134195442616 0.6574929970848107 0.8950089871146933 0.022465700520219012 0.32296501875549993 0.29294542522281203 0.7146845419827783 0.221423044393984 0.5967361687291269 0.7679375398145563 0.3922124075472802 0.2767500887174323 7 1 3 4 1 6 3 2 1 0 1 0  
0.5867420069681563 0.38481348460935444 0.6305038214944818 0.30147305022966175 0.8713939545687069 0.44472384004150783 0.804076731566586 0.5741607014921585 0.5863877488907723 0.7130964807757372 0.49037448646986803 0.22409317320318947 7 6 2 1 2 2 5 1 1 1 1 1  
0.18591071821715344 0.9749673463708097 0.6273622102003323 3.1468503661752877E-4 0.9282531936088259 0.03365040311919954 0.35378194385289996 0.2646088183796138 0.040347753268336034 0.47096683274410356 0.9178010858001828 0.9158829748629476 7 1 2 7 2 3 4 2 1 0 1 1  
0.3681676241375056 0.7041532292607953 0.29843323657705395 0.7528091853546118 0.9642469749231107 0.6821343959401143 0.7965815084137968 0.9900721744302364 0.3915092698421336 0.24224293841078026 0.9412814704729211 0.029837213002010116 5 2 3 1 2 4 4 1 1 1 1 1  
0.35658094246626104 0.5853630481985781 0.9548681505997826 0.5202424784900406 0.2796251522612909 0.08031335199607445 0.8196509268405748 0.29316093664775555 0.8907011566684658 0.8949373530492377 0.03585492840939655 0.19877965748644116 5 4 6 7 2 6 3 4 1 1 1 0  
0.21731239066489305 0.22952428454088647 0.5734920256966154 0.5783361574038891 0.1258476600117678 0.2701041991349385 0.6431678761612002 0.1299986509100716 0.9158678854587413 0.09321878887112464 0.8179102898731282 0.6599927767678002 5 4 2 5 2 4 6 2 1 1 1 1  
0.4662770984649898 0.8730572132671978 0.38455219824257736 0.9821620822833455 0.16616276272720631 0.04029622971399845 0.22539151646692757 0.1489410681616295 0.21098453986243665 0.5089133599436126 0.8847398390511014 0.7290203089904961 7 3 6 1 1 6 4 3 1 1 1 1  
0.3437383062028462 0.9632495326266303 0.22247617063712474 0.9265975317851421 0.09893305070875585 0.43768376089175365 0.8685897306018963 0.26840949274286696 0.27231475427579566 0.21672520917701302 0.2974562037283784 0.1635216002948817 7 4 2 7 2 5 4 2 1 1 1 1  
0.1615491123866063 0.6492999076085924 0.14442745117777733 0.022853120610414 0.5386225926023251 0.4353063294435642 0.4981049360666904 0.5754371163652109 0.6163999649820427 0.4280125476528668 0.5186379848609436 0.5605333943922527 3 7 3 1 5 2 3 4 1 0 1 1  
0.5642041567102944 0.47169436632645245 0.15575061266537643 0.8207006781980287 0.741341255471006 0.9356196865304496 0.4045729590572331 0.7528365436342114 0.15834849367395626 0.12230408155940126 0.31790567141264053 0.2815465961598191 5 5 2 1 3 4 4 3 1 1 1 1  
0.5140948429668697 0.461058470958953 0.6316491724129581 0.6268612640199721 0.018044468412191955 0.41360442711046635 0.25866557265719026 0.7777144441406392 0.570583885746669 0.22127484283598226 0.0636309809998899 0.32788540565785373 5 2 2 7 2 6 5 1 1 1 1 1  
0.68376334334708 0.38613486844137557 0.72167415500618 0.996503026351542 0.9518927704950254 0.44734988981894447 0.7400004069252546 0.24058186444436291 0.230881603420577 0.4230742043895085 0.08510055473262437 0.6667147025333522 5 2 2 5 2 2 5 3 1 1 1 1  
0.6727786293019025 0.7638824165255089 0.5321040829651693 0.731487404229748 0.49573649574966616 0.3290355387139926 0.5360040613405349 0.7020024054482816 0.1785397161457809 0.8748906399716464 0.38033867575234725 0.17278377852604565 5 2 2 5 2 2 5 3 1 1 1 1  
0.31707640211915444 0.2478257565952498 0.35084319698887545 0.44865428253956374 0.5011250426598454 0.017503152130034616 0.7705689967748703 0.2671853340252667 0.612359611035119 0.2954045012605196 0.48740140505971424 0.03749062704854528 5 4 3 1 2 2 6 1 1 1 1 1  
0.8337728785291079 0.794763249382199 0.8753392820413455 0.6058938611792544 0.31403924926857096 0.5864326633223284 0.5808238336414424 0.657777220225872 0.3730477741319333 0.840750244015986 0.2318920298196861 0.3224915278166053 7 5 2 5 2 4 5 2 1 1 1 1  
0.02454227926866326 0.23762563988175633 0.008493977196097457 0.8540196207626995 0.3365254838113896 0.35972499363793176 0.5709055751639492 0.22454877260278316 0.6783646085950922 0.20783707286858358 0.9627682382592198 0.46892439478396797 3 3 6 7 1 6 1 1 1 1 1 1  
0.020171293910886734 0.9898611380846254 0.22258447821686642 0.839740588157286 0.017556299927302677 0.10127880011145574 0.7001210760363482 0.8732338370138456 0.8003589906066317 0.966582665616577 0.18295763741470347 0.6159728918657895 5 6 6 1 3 2 1 5 1 1 1 1  
0.752246549144542 0.8542832375718574 0.23100275087963806 0.8383695357730017 0.8691129681438926 0.7608333071146492 0.8943157320367363 0.7071731725370208 0.20787088498805734 0.4375710345450307 0.9300475888035877 0.15194468507428754 5 2 3 7 2 6 6 1 1 1 1 1  
0.7536569708516834 0.9919703596165939 0.39457421937132847 0.6737391628235004 0.4617467551062845 0.3372878024349144 0.5977134519003474 0.7244118549450117 0.7139790855881881 0.5908842503041545 0.1182457136228818 0.1986655453518013 5 2 3 7 3 3 3 1 1 1 1 1  
0.26155312104123357 0.3241506827780942 0.375406458300229 0.9177469894995712 0.5532755847514957 0.15753516444904034 0.023597163475397167 0.9768387121306779 0.0012331720835392496 0.7300424059089923 0.004057748589392032 0.5071765057069209 5 2 5 6 3 3 6 2 1 1 0 0  
0.3625686581990414 0.6230948205316958 0.18180281628800532 0.5062450660940406 0.6060107937471574 0.4838502210961085 0.2700667916607788 0.3129753969064101 0.9746375823716694 0.6076992564480241 0.21413121409983077 0.5843285089672595 5 7 2 1 2 4 2 5 1 1 1 1  
0.6196396190910397 0.6600329541502079 0.783455860059891 0.1826419639942019 0.5199053525299606 0.6135167484256724 0.9210866555884145 0.7637238715229667 0.3321105374151314 0.19185183886127613 0.5994219268660824 0.11868499169191436 5 2 2 5 1 6 3 1 1 1 1 1  
0.7732880339981832 0.05980484282984288 0.8528773132401691 0.3032836555215945 0.4927703036097021 0.25345693818827697 0.9117187394021103 0.21960445967574782 0.06323745041464021 0.8326862744088901 0.10311411765816214 0.2915562859829608 5 2 3 3 3 4 6 1 1 1 1 1  
0.17511873443199386 0.22857006446455358 0.1524953316393048 0.2662067999729005 0.9755041774839024 0.08950711844373321 0.34066001777038574 0.627876897166315 0.9178925804261756 0.9795529509113294 0.5974451934190674 0.8402786700837306 5 6 3 3 1 5 6 5 1 1 1 1  
0.5978764045442416 0.6081283772817107 0.4303550968623814 0.9451688494764368 0.9712065997052307 0.18841857591699238 0.0017381581554042906 0.922266893844256 6.37568230296176E-4 0.08423700990378008 0.5028875529208523 0.4833486681203808 5 4 4 5 2 2 5 2 1 1 0 1  
0.3064274221587805 0.9203780265689815 0.5007977898230743 0.6828150202695165 0.19971540609335126 0.4992622354382107 0.8038649615930167 0.9215538834225752 0.5887670742728676 0.7962926954413015 0.9475500096532363 0.17806203573526788 3 6 5 1 1 1 5 3 1 1 0 1  
0.6457547062134972 0.7498832882851162 0.5468673849543002 0.001699781355226549 0.006751454388210794 0.8540242536624993 0.39737762518657443 0.9666532304300223 0.14918377748173478 0.9694649593800728 0.005097864262063767 4.369863041491283E-4 7 5 3 2 2 2 3 6 1 0 1 0  
0.5102853139195146 0.7558738356400909 0.9397759407607453 0.9966502249527357 0.9274843052713841 0.16940308734704362 0.05788274585083398 0.4175815072185398 0.05664003121497016 0.9959514218413537 0.5156575326568587 0.39944385846987984 7 2 6 1 2 3 4 3 1 1 1 1  
0.8214562963094604 0.1310723752604127 0.31405727318571774 0.4682000683375859 0.44712975960461404 0.8767934171576937 0.3616531558983447 0.7538951826294487 0.8190885274909718 0.4035874304644046 0.0482194334179972 0.19133060608928137 7 6 7 1 2 2 4 1 1 1 1 1  
0.2331076825556168 0.98788119191986 0.5906285779766004 0.009955266535462476 0.3757274522026868 0.9168720301146431 0.7464154930612981 0.6919152563071055 0.9671256178085011 0.4728267679774677 0.7262950966289622 0.19997134628998703 5 4 2 3 3 4 4 2 1 1 1 1  
0.7684061717923513 0.81620033959771 0.7893907946603855 0.190288859246801 0.8433433140731668 0.9418815753413526 0.13319178052496877 0.8181480218674005 0.625124324567995 0.7289965453864925 0.7472286068926011 0.039552076171202766 3 2 6 1 5 6 1 5 1 1 1 1  
0.4929842309541159 0.0037273985613166527 0.5709567017830742 0.501992557750246 0.8724310855758042 0.17200813366443385 0.18043659497211606 0.02705801784693283 0.7279665720309519 0.4366899570505728 0.11650618963187527 0.5575113288843732 3 7 2 5 5 6 5 3 1 1 1 1  
0.14136059654302469 0.44957253598223545 0.8524822016417932 0.5750629726465861 0.32555717557212416 0.4749271284684103 0.029382014785046026 0.9260126236300881 0.878078683761314 0.8767418060572496 0.5490766465350131 0.20172737655340087 5 4 6 1 2 4 4 3 1 1 1 1  
0.7410982730036472 0.9594863171847084 0.031242857192906922 0.6697773978055789 0.5829978492454833 0.4216224308067492 0.37773756317260143 0.9873426702175053 0.12593582398071612 0.6152382013699781 0.06556283246477551 0.2962039694376263 5 2 3 5 2 4 4 3 1 1 1 1  
0.42444834701236306 0.2198524938301313 0.2838166589823296 0.09169918864214255 0.7242899528135305 0.14752176449688106 0.8342530384976956 0.22310458098628627 0.9956872599299951 0.11199896582672735 0.1992992922706335 0.3008402061502453 5 6 3 1 2 6 3 1 1 1 1 1  
0.025183936817626176 0.21510486371212714 0.3149514710643839 0.2035624719321399 0.8972713378056032 0.657326257115484 0.15010304788872586 0.6907421778028583 0.9007860962410438 0.6127972962833633 0.31301535727687363 0.3341892733487488 5 5 2 7 2 4 3 2 1 1 1 1  
0.6465975303953486 0.49362231233302223 0.42890883084942893 0.0014877766136564413 0.02122170477609054 0.38026593699197797 0.08712200450831174 0.7956941734487758 0.6668378000749644 0.8082991366313727 0.9526101327935482 0.48299067350675673 5 1 2 7 1 2 3 2 1 0 1 1  
0.19423786750474675 0.8260070077222507 0.5098951154019549 0.3742717620508568 0.15218341756079418 0.8757359091996292 0.3990969584472999 0.050802017333387156 0.5416966141549767 0.3780004785075286 0.7421149904668918 0.11541531998427507 5 2 2 3 3 3 1 1 1 1 1 1  
0.6777305307130596 0.39267778953643667 0.7083556573570822 0.03355303847774087 0.619485841688831 0.035815868698829134 0.49337979570734225 0.6236689762593627 0.9631337883816233 0.583559913042335 0.3883470877675135 0.765785600606043 7 2 2 3 2 5 3 2 1 1 1 1  
0.6613730645901083 0.8089915207860324 0.5420632784492212 0.15493324160882566 0.3886918249652256 0.048955620550054896 0.760780448262409 0.8600572541501444 0.06686135967751611 0.10766782587831526 0.014905718195640794 0.3177763827707719 5 6 2 1 3 2 3 2 1 1 1 1  
0.5766826036576539 0.4465578726128048 0.7544507564338088 0.26451813215596043 0.33091966744164025 0.7381115476960933 0.3892920816741472 0.3399340974713776 0.11850847319014163 0.4778661675858751 0.4058600804586562 0.1407637074594884 7 7 3 6 1 5 3 3 1 1 1 0  
0.39136394773010413 0.49427749885504163 0.996673318842241 0.7943374152507527 0.8415811834133058 0.1893042944834119 0.9953054990839898 0.23982687226799687 0.7655639581153783 0.0859435720442619 0.37241498923675936 0.4840885393723725 5 2 2 5 2 3 2 1 1 1 1 1  
0.8650929774658105 0.7406688049005935 0.6986852267980512 1.4312475582208212E-5 0.6469843661632233 0.9499822648380365 0.2463216912341349 0.34423556080862744 0.6456018558854215 0.9697932523875699 0.7432900518733834 0.8492515659144896 7 2 2 7 2 6 1 1 1 0 1 1  
0.10304137460457383 0.5745485883772662 0.48793576670481104 0.8518111943498655 0.9583951124917109 0.6531596269154971 0.3777705217616314 0.759116855032162 0.27160003470819055 0.2605466047632371 0.16559121046464706 0.885653287489117 5 3 2 1 1 6 2 5 1 1 1 1  
0.6666160581431986 0.06720149440227324 0.5371301355939103 0.25487154389994876 0.4660072798548405 0.237205725008591 0.5855401433594996 0.7435578104050293 0.3765229735660939 0.33087927226220537 0.8650679808671249 0.050783177666515966 5 4 2 3 2 1 4 2 1 1 1 1  
0.5404947696008517 0.6369424398613283 0.6575203963114197 0.6037752552068356 0.877483838838804 0.4029246687363324 0.8089661328363855 0.2918629051850219 0.33326081107948424 0.9273251211069402 0.7180029814112088 0.2170212824383391 5 2 2 3 3 6 1 5 1 1 1 1  
0.6335087701461218 0.4937832271588344 0.046948813619132446 0.23158589250816228 0.7061552807323606 0.1816191907140373 8.44946982725072E-6 0.876117363527155 5.937461204255038E-6 0.43309357037420754 0.3651848966465672 0.731818829238798 5 4 4 3 2 6 1 2 1 1 0 1  
0.748914914758085 0.7045962729594774 0.5782761504523816 0.8296351986623411 0.9660158199941729 0.8497406583346007 0.44983119964326945 0.7849507575127047 0.26216092996573453 0.8067188570816506 0.813856079198256 0.04873289791137608 5 2 2 3 1 2 6 5 1 1 1 1  
0.8730750769830666 0.9384981469809095 0.26471281658347545 0.2160148882771023 0.1965638648639665 0.2884165645581805 0.7031960509685939 0.8029029074329681 0.023872303695745247 0.5556453596132532 0.9032004730426086 0.7039931522861673 3 2 3 3 5 5 4 2 1 1 1 1  
0.6572627048619706 0.6508005438352693 0.17939439727704204 0.9274097315825 0.38271432820702145 0.2723132117109719 0.17423456390423486 0.5289896866857537 0.023517274572671804 0.8699242753469909 0.7622437491970881 0.9418486974316168 5 2 2 5 2 3 3 1 1 1 1 1  
0.3525702200814364 0.32818121740868544 0.942336454548965 0.008786944683661382 0.15398054837213684 0.513105197172543 0.25279246060735294 0.2101443077410351 0.9604554072861469 0.7534388822016009 0.29183532463235734 0.39900169128626933 7 4 2 3 2 4 1 1 1 1 1 1  
0.33033614211580054 0.21315486322824734 0.7156317746449051 0.33746406749471825 0.44829770177283057 0.998958419855205 0.15913137024784968 0.9603063828941749 0.3649856613031099 0.9910377072323169 0.06587508223681288 0.08082766790626539 5 7 2 7 3 6 4 6 1 1 1 0  
0.28066032727566814 0.7165346034380853 0.2777717002096468 0.2832252402831571 0.6985194629974237 0.7510232875194193 3.06291934531181E-5 0.6699837011140456 3.011291650459322E-5 0.8876870211823394 0.008524297506884881 0.6467201071831927 5 4 3 3 1 2 1 1 1 1 0 1  
0.5517655736325442 0.7446806515746258 0.559482378431311 0.6999761273892281 0.013206883782956924 0.18460673391476043 0.37734947702602895 0.07251941965903441 0.29954210925832137 0.31197340604683865 0.5712813727689949 0.9535945542913977 5 2 7 1 2 6 3 5 1 1 1 1  
0.8934301002691644 0.30520435066644386 0.25436375330934236 0.3079300753469472 0.4904966706509339 0.9409909213780713 0.5903638662782957 0.2546967833121971 0.3262876383236032 0.9285191393979955 0.9660168419039318 0.898183001165316 5 2 3 1 3 3 3 3 1 1 1 1  
0.4278682923043392 0.6574278191726616 0.7659832037347318 0.6446204952267115 0.48977624042456386 0.5165309355452997 0.8488278158190358 0.16980025122079878 0.7237026343820545 0.290899970566404 0.7658695657774574 0.1571707805995448 3 4 6 3 1 5 1 1 1 1 1 1  
0.11351252991661728 0.9536809941214711 0.6038614425288823 0.42940881532973696 0.8035987131152095 0.04662853187882254 0.2615997254047331 0.016693567392831926 0.3979626089874934 0.8850982544405148 0.3829264145365494 0.6064221182886502 5 5 2 1 3 5 4 6 1 1 1 1  
0.26641745588602006 0.6890817062800704 0.7391148826294477 0.18410642958015444 0.7116015502659485 0.3563301386545913 0.7142625325779562 0.834207667949483 0.35850464689825673 0.20497331042403188 0.4146380757357764 0.05702013371963732 7 7 6 1 2 3 1 6 1 0 1 1  
0.27460148222666575 0.02348043865639303 0.9583935214988369 0.06888864305297424 0.2331436354697147 0.3592293815421494 7.074995777401099E-5 0.9294083016292237 7.978522525544447E-6 0.40160276968863273 0.5443793466280631 0.343971870889632 5 4 6 3 3 1 4 1 1 1 0 1  
0.614823102514513 0.3993337925478392 0.8573335952481942 0.06773797416830793 0.7340348421098821 0.9726953008447392 0.8292102049203385 0.1506524924560331 0.5041562079928091 0.4896605212938256 0.48371569343869525 0.08421762562806268 7 5 2 4 1 4 5 1 1 1 1 0  
0.9508494539227308 0.9593944015496928 0.3671918009760784 0.36422076617130295 0.6401723184807453 0.30224477407114475 0.40604815968286156 0.010467700313534278 0.7020178468691821 0.08027794320313332 0.6103270142868682 0.6052919149987233 5 3 2 1 2 6 3 3 1 1 1 1  
0.5795568609027594 0.6026862494311198 0.2067242934133264 0.8341229509826693 0.3407331611004493 0.5224183447932436 0.31545434620418583 0.4712190909494505 0.41133830929874626 0.6034917370196584 0.9569780296452447 0.8476140236551012 5 4 6 3 2 2 1 2 1 1 1 1  
0.5593471674975784 0.2092393777736335 0.7038350962197812 0.8493904340149083 0.4613273785464055 0.00867922956169876 0.8973892202721395 0.35940521091327654 0.12280503168095004 0.056568560124426154 0.6602685473658978 0.797327319342778 7 4 3 1 2 1 4 3 1 1 1 1  
0.5391276244927659 0.27175718739282906 0.8040718950522315 9.227632521843013E-4 0.2214894273861827 0.9774161867013592 0.3971332841589679 0.9361021430853858 0.04885823464667668 0.3961190030365519 0.7688986614724993 0.8279216025993339 5 3 2 3 1 5 5 1 1 0 1 1  
0.6777391607552651 0.018790397228803414 0.39731739959597395 0.9182802807835633 0.22317887592672592 0.4133015824229069 6.178780760354913E-6 0.8185322424273741 9.333219234557868E-7 0.8674417934928785 0.08713146793846167 0.5060458134740848 5 4 5 3 3 4 5 2 1 1 0 1  
0.21691022809726185 0.5786051467653147 0.56957753742592 0.6581928340480548 0.04196731557956429 0.9864922436685071 0.19840256802582468 0.8404741274657969 0.9623930716191548 0.4932828123299873 0.7699882926707131 0.3536356550973966 3 7 2 7 2 3 6 1 1 1 1 1  
0.3935269993073193 0.4108989636493954 0.003176683356812496 0.8122010345287903 0.3760239320331721 0.28231586206074294 0.9717385713831067 0.05198294542300669 0.9789583366128837 0.997903891650886 0.4910082157466964 0.0053420138735501554 5 5 2 4 3 6 2 1 1 1 1 0  
0.08238419704580197 0.44764452831291773 0.7871808871628201 0.9677865672897995 0.39199622979621285 0.32130474498757844 0.15332268131457988 0.9645958752720751 0.09902456661396383 0.005600947706361 0.629701507498473 0.019258702540476846 5 2 2 7 1 4 1 1 1 1 1 1  
0.6452514690228094 0.6926308996177504 0.1563577584077312 0.36538490179121197 0.6510763852429328 0.23060649122387444 0.3734115294664445 0.02630528801912068 0.9716935998827851 0.9423147558815902 0.09313691199587773 0.41580165347294373 5 6 2 3 2 2 2 5 1 1 1 1  
0.8754965598700508 0.7838534173563239 0.631434530561881 0.2828484222728591 0.6245249766638332 0.26005266312541986 0.8804382263298485 0.563827532414867 0.9641469497691423 0.26102599694653683 0.028359168869651064 0.3088559036021259 7 3 2 1 1 6 2 5 1 1 1 1  
0.7461871249705259 0.9635805418202978 0.7538658490308912 0.732686205533988 0.8939128732106042 0.4272185151686988 0.36673649392151225 0.4161371216207927 0.6052656183672538 0.46105322125418247 0.28292883356926257 0.5540257343134483 5 6 2 1 1 3 4 2 1 1 1 1  
0.8320890297790828 0.3043643128583497 0.37176297305774775 0.5466059138547896 0.3740963535139361 0.29107220696953523 0.6414788261179859 0.24797428422295648 0.4056989845007989 0.37406140775396257 0.40354468039986147 0.04027670418553918 5 2 3 1 3 1 3 5 1 1 1 1  
